nim	onic 105; bg	52; 150MPa; 1098K; BG;
150	.	
109	8	
3		
377	16	
	0.00E+00	0.00E+00
	5.76E+04	1.01E-03
	1.44E+05	1.32E-03
	2.30E+05	1.05E-03
	4.90E+05	1.52E-03
	5.76E+05	1.58E-03
	6.64E+05	1.69E-03
	7.50E+05	1.86E-03
	8.37E+05	2.23E-03
	1.09E+06	2.06E-03
	1.18E+06	2.45E-03
	1.27E+06	2.26E-03
	1.35E+06	2.47E-03
	1.44E+06	2.43E-03
	1.70E+06	2.83E-03
	1.78E+06	2.94E-03
	1.87E+06	2.89E-03
	1.96E+06	2.99E-03
	2.04E+06	3.06E-03
	2.30E+06	3.48E-03
	2.39E+06	4.55E-03
	2.47E+06	4.48E-03
	2.56E+06	4.46E-03
	2.83E+06	4.59E-03
	2.91E+06	4.64E-03
	3.00E+06	4.67E-03
	3.10E+06	4.85E-03
	3.17E+06	4.87E-03
	3.43E+06	5.23E-03
	3.51E+06	5.29E-03
	3.60E+06	5.58E-03
	3.69E+06	5.67E-03
	3.77E+06	5.76E-03
	4.03E+06	6.05E-03
	4.12E+06	6.29E-03
	4.20E+06	6.38E-03
	4.29E+06	6.47E-03
	4.38E+06	6.60E-03
	4.47E+06	7.04E-03
	4.90E+06	7.43E-03
	4.99E+06	7.57E-03
	5.25E+06	8.04E-03
	5.33E+06	8.02E-03
	5.42E+06	8.27E-03
	5.50E+06	8.43E-03
	5.59E+06	8.62E-03
	5.85E+06	9.12E-03
	5.92E+06	9.34E-03
	5.98E+06	9.48E-03
	7.10E+06	1.18E-02
	7.18E+06	1.17E-02
	7.27E+06	1.23E-02
	7.62E+06	1.30E-02
	7.71E+06	1.34E-02
	7.79E+06	1.36E-02
	7.88E+06	1.36E-02
	7.96E+06	1.39E-02
	8.22E+06	1.46E-02
	8.31E+06	1.49E-02
	8.40E+06	1.52E-02
	8.48E+06	1.53E-02
	8.57E+06	1.56E-02
	8.83E+06	1.65E-02
	8.91E+06	1.68E-02
	9.00E+06	1.72E-02
	9.09E+06	1.75E-02
	9.09E+06	1.75E-02
	9.11E+06	1.76E-02
	9.13E+06	1.77E-02
	9.14E+06	1.78E-02
	9.16E+06	1.78E-02
	9.18E+06	1.79E-02
	9.19E+06	1.79E-02
	9.20E+06	1.79E-02
	9.22E+06	1.80E-02
	9.24E+06	1.81E-02
	9.25E+06	1.81E-02
	9.27E+06	1.82E-02
	9.29E+06	1.83E-02
	9.30E+06	1.83E-02
	9.32E+06	1.83E-02
	9.34E+06	1.84E-02
	9.35E+06	1.85E-02
	9.38E+06	1.86E-02
	9.39E+06	1.86E-02
	9.41E+06	1.87E-02
	9.43E+06	1.88E-02
	9.45E+06	1.89E-02
	9.45E+06	1.90E-02
	9.47E+06	1.90E-02
	9.49E+06	1.91E-02
	9.51E+06	1.91E-02
	9.52E+06	1.92E-02
	9.54E+06	1.93E-02
	9.56E+06	1.93E-02
	9.58E+06	1.94E-02
	9.60E+06	1.94E-02
	9.60E+06	1.95E-02
	9.62E+06	1.96E-02
	9.64E+06	1.97E-02
	9.65E+06	1.98E-02
	9.67E+06	1.98E-02
	9.69E+06	1.98E-02
	9.71E+06	2.00E-02
	9.73E+06	2.00E-02
	9.75E+06	2.01E-02
	9.76E+06	2.01E-02
	9.78E+06	2.02E-02
	9.80E+06	2.03E-02
	9.81E+06	2.03E-02
	9.82E+06	2.04E-02
	9.84E+06	2.04E-02
	9.85E+06	2.05E-02
	9.87E+06	2.06E-02
	9.89E+06	2.06E-02
	9.91E+06	2.06E-02
	9.93E+06	2.08E-02
	9.94E+06	2.08E-02
	9.96E+06	2.09E-02
	9.98E+06	2.09E-02
	9.99E+06	2.10E-02
	1.00E+07	2.10E-02
	1.00E+07	2.12E-02
	1.00E+07	2.12E-02
	1.01E+07	2.14E-02
	1.01E+07	2.13E-02
	1.01E+07	2.14E-02
	1.01E+07	2.14E-02
	1.01E+07	2.16E-02
	1.01E+07	2.16E-02
	1.02E+07	2.18E-02
	1.02E+07	2.17E-02
	1.02E+07	2.18E-02
	1.02E+07	2.19E-02
	1.02E+07	2.21E-02
	1.02E+07	2.21E-02
	1.03E+07	2.21E-02
	1.03E+07	2.22E-02
	1.03E+07	2.22E-02
	1.03E+07	2.24E-02
	1.03E+07	2.25E-02
	1.03E+07	2.25E-02
	1.04E+07	2.27E-02
	1.04E+07	2.28E-02
	1.04E+07	2.29E-02
	1.04E+07	2.29E-02
	1.04E+07	2.30E-02
	1.04E+07	2.32E-02
	1.05E+07	2.32E-02
	1.05E+07	2.33E-02
	1.05E+07	2.33E-02
	1.05E+07	2.34E-02
	1.05E+07	2.34E-02
	1.05E+07	2.36E-02
	1.06E+07	2.36E-02
	1.06E+07	2.37E-02
	1.06E+07	2.37E-02
	1.06E+07	2.38E-02
	1.06E+07	2.38E-02
	1.06E+07	2.40E-02
	1.07E+07	2.40E-02
	1.07E+07	2.41E-02
	1.07E+07	2.42E-02
	1.07E+07	2.43E-02
	1.07E+07	2.43E-02
	1.07E+07	2.44E-02
	1.08E+07	2.45E-02
	1.08E+07	2.46E-02
	1.08E+07	2.47E-02
	1.08E+07	2.48E-02
	1.08E+07	2.48E-02
	1.08E+07	2.49E-02
	1.09E+07	2.50E-02
	1.09E+07	2.51E-02
	1.09E+07	2.52E-02
	1.09E+07	2.53E-02
	1.09E+07	2.54E-02
	1.09E+07	2.54E-02
	1.10E+07	2.55E-02
	1.10E+07	2.56E-02
	1.10E+07	2.57E-02
	1.10E+07	2.59E-02
	1.10E+07	2.59E-02
	1.10E+07	2.60E-02
	1.11E+07	2.60E-02
	1.11E+07	2.62E-02
	1.11E+07	2.63E-02
	1.11E+07	2.63E-02
	1.11E+07	2.64E-02
	1.11E+07	2.64E-02
	1.12E+07	2.66E-02
	1.12E+07	2.67E-02
	1.12E+07	2.68E-02
	1.12E+07	2.71E-02
	1.12E+07	2.69E-02
	1.12E+07	2.73E-02
	1.13E+07	2.76E-02
	1.13E+07	2.76E-02
	1.13E+07	2.77E-02
	1.13E+07	2.80E-02
	1.13E+07	2.81E-02
	1.14E+07	2.80E-02
	1.14E+07	2.83E-02
	1.15E+07	2.85E-02
	1.15E+07	2.84E-02
	1.15E+07	2.87E-02
	1.15E+07	2.87E-02
	1.15E+07	2.87E-02
	1.15E+07	2.91E-02
	1.16E+07	2.91E-02
	1.16E+07	2.91E-02
	1.16E+07	2.92E-02
	1.16E+07	2.95E-02
	1.16E+07	2.96E-02
	1.16E+07	2.95E-02
	1.17E+07	3.00E-02
	1.17E+07	2.96E-02
	1.17E+07	2.98E-02
	1.17E+07	3.01E-02
	1.17E+07	2.98E-02
	1.17E+07	3.01E-02
	1.18E+07	3.01E-02
	1.18E+07	3.02E-02
	1.18E+07	3.05E-02
	1.18E+07	3.04E-02
	1.18E+07	3.04E-02
	1.18E+07	3.06E-02
	1.19E+07	3.07E-02
	1.19E+07	3.08E-02
	1.19E+07	3.11E-02
	1.19E+07	3.09E-02
	1.19E+07	3.10E-02
	1.19E+07	3.10E-02
	1.20E+07	3.13E-02
	1.20E+07	3.13E-02
	1.20E+07	3.13E-02
	1.20E+07	3.15E-02
	1.20E+07	3.16E-02
	1.20E+07	3.17E-02
	1.21E+07	3.18E-02
	1.21E+07	3.20E-02
	1.21E+07	3.20E-02
	1.21E+07	3.21E-02
	1.21E+07	3.23E-02
	1.21E+07	3.24E-02
	1.22E+07	3.25E-02
	1.22E+07	3.26E-02
	1.22E+07	3.27E-02
	1.22E+07	3.30E-02
	1.22E+07	3.31E-02
	1.22E+07	3.31E-02
	1.23E+07	3.33E-02
	1.23E+07	3.34E-02
	1.23E+07	3.34E-02
	1.23E+07	3.36E-02
	1.23E+07	3.37E-02
	1.23E+07	3.38E-02
	1.24E+07	3.39E-02
	1.24E+07	3.40E-02
	1.24E+07	3.42E-02
	1.24E+07	3.43E-02
	1.24E+07	3.44E-02
	1.24E+07	3.46E-02
	1.25E+07	3.46E-02
	1.25E+07	3.48E-02
	1.25E+07	3.49E-02
	1.25E+07	3.50E-02
	1.25E+07	3.52E-02
	1.25E+07	3.53E-02
	1.26E+07	3.54E-02
	1.26E+07	3.55E-02
	1.26E+07	3.58E-02
	1.26E+07	3.57E-02
	1.26E+07	3.59E-02
	1.26E+07	3.61E-02
	1.27E+07	3.62E-02
	1.27E+07	3.63E-02
	1.27E+07	3.64E-02
	1.27E+07	3.67E-02
	1.27E+07	3.67E-02
	1.27E+07	3.68E-02
	1.28E+07	3.70E-02
	1.28E+07	3.71E-02
	1.28E+07	3.72E-02
	1.28E+07	3.74E-02
	1.28E+07	3.75E-02
	1.28E+07	3.77E-02
	1.29E+07	3.78E-02
	1.29E+07	3.79E-02
	1.29E+07	3.81E-02
	1.29E+07	3.83E-02
	1.29E+07	3.84E-02
	1.29E+07	3.85E-02
	1.30E+07	3.87E-02
	1.30E+07	3.88E-02
	1.30E+07	3.89E-02
	1.30E+07	3.90E-02
	1.30E+07	3.92E-02
	1.30E+07	3.93E-02
	1.31E+07	3.95E-02
	1.31E+07	3.97E-02
	1.31E+07	3.99E-02
	1.31E+07	4.00E-02
	1.31E+07	4.01E-02
	1.31E+07	4.03E-02
	1.32E+07	4.03E-02
	1.32E+07	4.06E-02
	1.32E+07	4.07E-02
	1.32E+07	4.08E-02
	1.32E+07	4.09E-02
	1.32E+07	4.11E-02
	1.33E+07	4.12E-02
	1.33E+07	4.14E-02
	1.33E+07	4.16E-02
	1.33E+07	4.17E-02
	1.33E+07	4.19E-02
	1.33E+07	4.21E-02
	1.34E+07	4.22E-02
	1.34E+07	4.24E-02
	1.34E+07	4.25E-02
	1.34E+07	4.27E-02
	1.34E+07	4.28E-02
	1.34E+07	4.30E-02
	1.35E+07	4.31E-02
	1.35E+07	4.33E-02
	1.35E+07	4.35E-02
	1.35E+07	4.36E-02
	1.35E+07	4.38E-02
	1.35E+07	4.40E-02
	1.36E+07	4.41E-02
	1.36E+07	4.43E-02
	1.36E+07	4.45E-02
	1.36E+07	4.46E-02
	1.36E+07	4.48E-02
	1.36E+07	4.51E-02
	1.37E+07	4.52E-02
	1.37E+07	4.54E-02
	1.37E+07	4.55E-02
	1.37E+07	4.57E-02
	1.37E+07	4.59E-02
	1.37E+07	4.60E-02
	1.38E+07	4.62E-02
	1.38E+07	4.64E-02
	1.38E+07	4.66E-02
	1.38E+07	4.67E-02
	1.38E+07	4.69E-02
	1.38E+07	4.71E-02
	1.39E+07	4.73E-02
	1.39E+07	4.74E-02
	1.39E+07	4.77E-02
	1.39E+07	4.79E-02
	1.39E+07	4.80E-02
	1.39E+07	4.82E-02
	1.40E+07	4.84E-02
	1.40E+07	4.86E-02
	1.40E+07	4.88E-02
	1.40E+07	4.90E-02
	1.40E+07	4.91E-02
	1.41E+07	4.95E-02
	1.41E+07	4.99E-02
	1.41E+07	5.04E-02
	1.42E+07	5.08E-02
	1.42E+07	5.14E-02
	1.43E+07	5.20E-02
	1.43E+07	5.24E-02
	1.43E+07	5.27E-02
	1.44E+07	5.34E-02
	1.44E+07	5.38E-02
	1.45E+07	5.46E-02
	1.45E+07	5.50E-02
	1.45E+07	5.56E-02
	1.46E+07	5.64E-02
	1.46E+07	5.66E-02
	1.47E+07	5.72E-02
	1.47E+07	5.77E-02
	1.47E+07	5.85E-02
	1.48E+07	5.89E-02
	1.48E+07	5.96E-02
	1.48E+07	6.04E-02
	1.49E+07	6.08E-02
	1.49E+07	6.16E-02
	1.50E+07	6.22E-02
	1.50E+07	6.28E-02
	1.50E+07	6.38E-02
	1.51E+07	6.44E-02
	1.51E+07	6.52E-02
	1.52E+07	6.63E-02
	1.52E+07	6.69E-02
	1.52E+07	6.80E-02
	1.53E+07	6.86E-02
	1.53E+07	6.93E-02
	1.53E+07	7.02E-02
	1.54E+07	7.15E-02
	1.54E+07	7.23E-02
	1.55E+07	7.36E-02
	1.55E+07	7.48E-02
	1.55E+07	7.64E-02
	1.56E+07	7.74E-02
	1.56E+07	7.90E-02
	1.57E+07	8.04E-02
