 nimonic 105; bg25; 150MPA; 1148K; BG;
 150.
 1148.
  3
399   
    0.00000E+00    0.00000E+00
    2.07000E+02    1.16135E-05
    4.13000E+02    4.86200E-05
    1.24300E+03    1.73222E-05
    2.07200E+03    8.38542E-05
    2.89500E+03    1.43493E-04
    3.71100E+03    2.08246E-04
    4.53500E+03    2.61580E-04
    5.35700E+03    4.09561E-04
    6.17100E+03    4.33567E-04
    6.99900E+03    4.84725E-04
    7.82100E+03    4.33370E-04
    8.64800E+03    4.16251E-04
    9.46700E+03    4.95546E-04
    1.02860E+04    4.33764E-04
    1.11030E+04    4.43799E-04
    1.19100E+04    4.78428E-04
    1.27370E+04    5.09909E-04
    1.43780E+04    5.17385E-04
    1.60320E+04    5.54570E-04
    1.76800E+04    5.84671E-04
    1.93220E+04    6.80673E-04
    2.09560E+04    7.10967E-04
    2.26090E+04    8.30560E-04
    2.42540E+04    8.31740E-04
    2.58990E+04    8.18365E-04
    2.75490E+04    8.21709E-04
    2.91870E+04    8.49048E-04
    3.08320E+04    8.07941E-04
    3.24870E+04    9.11198E-04
    3.41370E+04    8.45705E-04
    3.57710E+04    8.80124E-04
    3.74110E+04    9.10019E-04
    3.90490E+04    9.32636E-04
    4.06950E+04    9.34799E-04
    4.35740E+04    9.78655E-04
    4.68590E+04    1.01976E-03
    5.01310E+04    1.04217E-03
    5.34150E+04    1.13184E-03
    5.66990E+04    1.11788E-03
    5.99730E+04    1.13420E-03
    6.32560E+04    1.15170E-03
    6.65410E+04    1.13793E-03
    6.98180E+04    1.13715E-03
    7.30970E+04    1.22602E-03
    7.63870E+04    1.24529E-03
    9.64840E+04    1.32412E-03
    1.16061E+05    1.50261E-03
    1.28106E+05    1.58103E-03
    1.40144E+05    1.57769E-03
    1.52179E+05    1.69305E-03
    1.64214E+05    1.76557E-03
    1.76249E+05    1.83572E-03
    1.88299E+05    1.88877E-03
    2.00356E+05    1.88798E-03
    2.12393E+05    1.94731E-03
    2.24442E+05    2.06460E-03
    2.36487E+05    2.17421E-03
    2.48537E+05    2.28361E-03
    2.60569E+05    2.25219E-03
    2.72606E+05    2.27811E-03
    2.84644E+05    2.26593E-03
    2.96679E+05    2.27418E-03
    3.08713E+05    2.46841E-03
    3.20744E+05    2.50905E-03
    3.32789E+05    2.58995E-03
    3.44810E+05    2.65337E-03
    3.56839E+05    2.66181E-03
    3.68863E+05    2.59564E-03
    3.80903E+05    2.66927E-03
    3.92947E+05    2.67300E-03
    4.04984E+05    2.74583E-03
    4.17008E+05    2.82612E-03
    4.29034E+05    2.93113E-03
    4.41060E+05    2.98354E-03
    4.53086E+05    3.09246E-03
    4.65126E+05    2.99413E-03
    4.77164E+05    3.01474E-03
    4.89198E+05    3.09422E-03
    5.01068E+05    3.25336E-03
    5.11808E+05    3.31713E-03
    5.23837E+05    3.37128E-03
    5.35861E+05    3.40600E-03
    5.47895E+05    3.36206E-03
    5.59921E+05    3.40483E-03
    5.71945E+05    3.48859E-03
    5.83974E+05    3.53508E-03
    5.96012E+05    3.66316E-03
    6.08046E+05    3.76377E-03
    6.20065E+05    3.79201E-03
    6.32102E+05    3.81555E-03
    6.44143E+05    3.78417E-03
    6.56190E+05    3.88379E-03
    6.68230E+05    3.90732E-03
    6.78770E+05    3.95516E-03
    6.90809E+05    4.04574E-03
    7.02841E+05    4.16200E-03
    7.14876E+05    4.20453E-03
    7.26918E+05    4.28843E-03
    7.38949E+05    4.31450E-03
    7.50984E+05    4.48618E-03
    7.61520E+05    4.46012E-03
    7.72325E+05    4.57123E-03
    7.84354E+05    4.58514E-03
    7.96390E+05    4.65157E-03
    8.08425E+05    4.71133E-03
    8.20464E+05    4.83436E-03
    8.32484E+05    4.86296E-03
    8.44525E+05    4.88333E-03
    8.56551E+05    4.90822E-03
    8.68587E+05    4.91625E-03
    8.79706E+05    4.91860E-03
    8.91747E+05    4.96033E-03
    9.03795E+05    5.03162E-03
    9.15834E+05    5.07883E-03
    9.25159E+05    5.09547E-03
    9.37204E+05    5.08450E-03
    9.47799E+05    5.22903E-03
    9.59834E+05    5.19535E-03
    9.71859E+05    5.20436E-03
    9.83886E+05    5.24862E-03
    9.95917E+05    5.35553E-03
    1.00575E+06    5.38196E-03
    1.01780E+06    5.45695E-03
    1.02986E+06    5.58243E-03
    1.04190E+06    5.46556E-03
    1.05393E+06    5.52449E-03
    1.06596E+06    5.54308E-03
    1.07799E+06    5.59985E-03
    1.09002E+06    5.68755E-03
    1.10206E+06    5.80028E-03
    1.11358E+06    5.86350E-03
    1.12562E+06    5.88600E-03
    1.13767E+06    5.91164E-03
    1.14970E+06    5.85860E-03
    1.16174E+06    5.88424E-03
    1.17378E+06    5.95077E-03
    1.18582E+06    6.00791E-03
    1.19784E+06    6.13548E-03
    1.20987E+06    6.21687E-03
    1.22192E+06    6.27771E-03
    1.23396E+06    6.30548E-03
    1.24600E+06    6.30294E-03
    1.25804E+06    6.23076E-03
    1.27009E+06    6.35223E-03
    1.28212E+06    6.36906E-03
    1.29416E+06    6.48211E-03
    1.30620E+06    6.49423E-03
    1.31825E+06    6.50831E-03
    1.33028E+06    6.61587E-03
    1.34232E+06    6.61431E-03
    1.35434E+06    6.63582E-03
    1.36639E+06    6.72557E-03
    1.37842E+06    6.69018E-03
    1.39045E+06    6.72029E-03
    1.40250E+06    6.78149E-03
    1.41219E+06    6.84621E-03
    1.42422E+06    6.88042E-03
    1.43475E+06    6.95061E-03
    1.44680E+06    7.07493E-03
    1.45733E+06    7.11597E-03
    1.46936E+06    7.09740E-03
    1.48139E+06    7.13435E-03
    1.49344E+06    7.10327E-03
    1.50547E+06    7.16093E-03
    1.51749E+06    7.22327E-03
    1.52664E+06    7.20705E-03
    1.53868E+06    7.25454E-03
    1.55072E+06    7.36671E-03
    1.56276E+06    7.40657E-03
    1.57480E+06    7.49079E-03
    1.58684E+06    7.55096E-03
    1.59887E+06    7.65391E-03
    1.60966E+06    7.65997E-03
    1.62170E+06    7.72111E-03
    1.63377E+06    7.71408E-03
    1.64582E+06    7.72443E-03
    1.65787E+06    7.78401E-03
    1.66991E+06    7.79006E-03
    1.68195E+06    7.84300E-03
    1.69211E+06    7.95236E-03
    1.70297E+06    8.07090E-03
    1.72062E+06    8.15603E-03
    1.73825E+06    8.09902E-03
    1.75589E+06    8.13299E-03
    1.77352E+06    8.42564E-03
    1.78800E+06    8.47697E-03
    1.80345E+06    8.51250E-03
    1.82109E+06    8.53748E-03
    1.83873E+06    8.64541E-03
    1.85638E+06    8.77010E-03
    1.87402E+06    8.85030E-03
    1.89165E+06    8.87293E-03
    1.90930E+06    8.91156E-03
    1.92694E+06    9.00794E-03
    1.94459E+06    9.07564E-03
    1.96002E+06    9.24475E-03
    1.97765E+06    9.43684E-03
    1.99527E+06    9.42222E-03
    2.01291E+06    9.50061E-03
    2.03054E+06    9.69772E-03
    2.04800E+06    9.73963E-03
    2.06154E+06    9.86400E-03
    2.07917E+06    9.95405E-03
    2.09681E+06    1.00612E-02
    2.11445E+06    1.01119E-02
    2.12987E+06    1.03403E-02
    2.14749E+06    1.03855E-02
    2.16485E+06    1.04194E-02
    2.18249E+06    1.04887E-02
    2.20013E+06    1.06434E-02
    2.21777E+06    1.08516E-02
    2.23539E+06    1.08406E-02
    2.25303E+06    1.10517E-02
    2.27065E+06    1.11810E-02
    2.28829E+06    1.13250E-02
    2.30372E+06    1.13480E-02
    2.31916E+06    1.15519E-02
    2.33681E+06    1.17204E-02
    2.35445E+06    1.17126E-02
    2.37208E+06    1.18364E-02
    2.38973E+06    1.20398E-02
    2.39856E+06    1.20733E-02
    2.40737E+06    1.21534E-02
    2.41619E+06    1.22028E-02
    2.43382E+06    1.23998E-02
    2.44263E+06    1.25075E-02
    2.45432E+06    1.27384E-02
    2.46635E+06    1.27079E-02
    2.47237E+06    1.27240E-02
    2.47840E+06    1.28146E-02
    2.49041E+06    1.29345E-02
    2.49640E+06    1.28789E-02
    2.50240E+06    1.30554E-02
    2.51441E+06    1.31253E-02
    2.52041E+06    1.31210E-02
    2.52643E+06    1.31603E-02
    2.53849E+06    1.31964E-02
    2.54453E+06    1.33104E-02
    2.55056E+06    1.31585E-02
    2.57315E+06    1.35726E-02
    2.59078E+06    1.38928E-02
    2.60181E+06    1.37503E-02
    2.61945E+06    1.38814E-02
    2.62826E+06    1.40027E-02
    2.63708E+06    1.43447E-02
    2.65252E+06    1.42152E-02
    2.66135E+06    1.42416E-02
    2.66797E+06    1.45651E-02
    2.68560E+06    1.46499E-02
    2.69442E+06    1.46145E-02
    2.70324E+06    1.45441E-02
    2.72088E+06    1.47721E-02
    2.72970E+06    1.49092E-02
    2.73338E+06    1.47825E-02
    2.73381E+06    1.48555E-02
    2.73603E+06    1.48712E-02
    2.74484E+06    1.49313E-02
    2.76247E+06    1.52495E-02
    2.77129E+06    1.52225E-02
    2.78011E+06    1.50686E-02
    2.79776E+06    1.54639E-02
    2.80658E+06    1.55602E-02
    2.81540E+06    1.58013E-02
    2.83084E+06    1.58610E-02
    2.83781E+06    1.59311E-02
    2.84664E+06    1.59493E-02
    2.86426E+06    1.60502E-02
    2.87308E+06    1.62112E-02
    2.88189E+06    1.62627E-02
    2.89953E+06    1.64732E-02
    2.90614E+06    1.65969E-02
    2.91495E+06    1.68902E-02
    2.92377E+06    1.70056E-02
    2.93259E+06    1.68354E-02
    2.94141E+06    1.73161E-02
    2.95023E+06    1.71836E-02
    2.95905E+06    1.72368E-02
    2.96787E+06    1.70060E-02
    2.97668E+06    1.73566E-02
    2.98549E+06    1.75069E-02
    2.99432E+06    1.75369E-02
    3.00313E+06    1.77626E-02
    3.01194E+06    1.77518E-02
    3.02076E+06    1.79791E-02
    3.02958E+06    1.79888E-02
    3.03838E+06    1.80271E-02
    3.04720E+06    1.81613E-02
    3.05602E+06    1.82794E-02
    3.06484E+06    1.83499E-02
    3.07365E+06    1.84295E-02
    3.08246E+06    1.86048E-02
    3.09128E+06    1.86892E-02
    3.10010E+06    1.88285E-02
    3.10891E+06    1.90006E-02
    3.11772E+06    1.91884E-02
    3.12654E+06    1.91712E-02
    3.13535E+06    1.94589E-02
    3.14416E+06    1.94258E-02
    3.15297E+06    1.95181E-02
    3.16179E+06    1.96644E-02
    3.17062E+06    1.98555E-02
    3.17943E+06    1.99779E-02
    3.18824E+06    2.02007E-02
    3.19705E+06    2.03166E-02
    3.20587E+06    2.03616E-02
    3.21470E+06    2.05932E-02
    3.22352E+06    2.06096E-02
    3.23233E+06    2.07411E-02
    3.24116E+06    2.09510E-02
    3.24998E+06    2.11808E-02
    3.25659E+06    2.11727E-02
    3.26321E+06    2.13423E-02
    3.27026E+06    2.16638E-02
    3.27908E+06    2.16240E-02
    3.28790E+06    2.18393E-02
    3.29671E+06    2.18480E-02
    3.30553E+06    2.20879E-02
    3.31434E+06    2.22799E-02
    3.32316E+06    2.22970E-02
    3.33197E+06    2.25249E-02
    3.33987E+06    2.25550E-02
    3.34740E+06    2.28601E-02
    3.35353E+06    2.30006E-02
    3.36234E+06    2.32126E-02
    3.37116E+06    2.33341E-02
    3.37997E+06    2.35068E-02
    3.38879E+06    2.37738E-02
    3.39760E+06    2.38123E-02
    3.40642E+06    2.40306E-02
    3.41523E+06    2.40971E-02
    3.42185E+06    2.42318E-02
    3.43066E+06    2.44233E-02
    3.43949E+06    2.45837E-02
    3.44830E+06    2.48864E-02
    3.45712E+06    2.51129E-02
    3.46593E+06    2.53567E-02
    3.47474E+06    2.54031E-02
    3.48356E+06    2.56154E-02
    3.49239E+06    2.57428E-02
    3.50120E+06    2.60714E-02
    3.51002E+06    2.60949E-02
    3.51858E+06    2.64332E-02
    3.52544E+06    2.65363E-02
    3.53425E+06    2.67849E-02
    3.54307E+06    2.70442E-02
    3.55190E+06    2.72863E-02
    3.56071E+06    2.74411E-02
    3.56954E+06    2.75838E-02
    3.57835E+06    2.78754E-02
    3.58716E+06    2.80530E-02
    3.59598E+06    2.82582E-02
    3.60480E+06    2.86037E-02
    3.61141E+06    2.88822E-02
    3.62022E+06    2.90891E-02
    3.62905E+06    2.92815E-02
    3.63786E+06    2.95814E-02
    3.64667E+06    2.99022E-02
    3.65549E+06    3.00873E-02
    3.66431E+06    3.03698E-02
    3.67313E+06    3.06327E-02
    3.68194E+06    3.08118E-02
    3.69077E+06    3.10789E-02
    3.69533E+06    3.14462E-02
    3.70413E+06    3.15599E-02
    3.71296E+06    3.19222E-02
    3.72178E+06    3.22658E-02
    3.73059E+06    3.25585E-02
    3.73940E+06    3.28364E-02
    3.74821E+06    3.31863E-02
    3.75703E+06    3.33973E-02
    3.76584E+06    3.37321E-02
    3.77245E+06    3.40954E-02
    3.78127E+06    3.44853E-02
    3.79008E+06    3.48627E-02
    3.79889E+06    3.52579E-02
    3.80771E+06    3.56447E-02
    3.81653E+06    3.62397E-02
    3.82535E+06    3.63889E-02
    3.82976E+06    3.65593E-02
    3.83416E+06    3.69788E-02
    3.83857E+06    3.73925E-02
    3.84298E+06    3.76835E-02
    3.84739E+06    3.76524E-02
    3.85180E+06    3.80099E-02
    3.85621E+06    3.80880E-02
    3.86062E+06    3.84904E-02
    3.86503E+06    3.87271E-02
    3.86944E+06    3.91164E-02
    3.87385E+06    3.90193E-02
    3.87826E+06    3.96609E-02
    3.88267E+06    3.98304E-02
    3.88708E+06    4.01548E-02
    3.89148E+06    4.08009E-02
    3.89588E+06    4.13431E-02
    3.90028E+06    4.16136E-02
    3.90469E+06    4.22820E-02
    3.90909E+06    4.28881E-02
    3.91351E+06    4.39738E-02
