 nimonic 105; bg50; 135MPa; 1148K; BG;
 135.
 1148.
  3
398   
    0.00000E+00    0.00000E+00
    2.50000E+01   -8.89791E-05
    3.50000E+01   -6.22067E-05
    4.50000E+01   -7.48066E-05
    6.40000E+01   -2.48019E-05
    4.62000E+02    6.12804E-04
    8.67000E+02    8.00860E-04
    1.68100E+03    1.00973E-03
    3.30300E+03    1.41082E-03
    6.55600E+03    1.91470E-03
    9.80700E+03    1.66947E-03
    1.30590E+04    1.77205E-03
    1.63110E+04    1.98072E-03
    1.95640E+04    2.16458E-03
    2.28160E+04    2.15791E-03
    2.60630E+04    2.31543E-03
    2.93110E+04    2.44857E-03
    3.25610E+04    2.46311E-03
    3.58060E+04    2.76075E-03
    3.90560E+04    2.57464E-03
    4.23050E+04    2.66102E-03
    4.55560E+04    2.71403E-03
    4.88030E+04    2.90248E-03
    5.20610E+04    2.94840E-03
    5.53110E+04    2.96411E-03
    5.85630E+04    2.99630E-03
    6.18180E+04    3.05439E-03
    6.50620E+04    3.14270E-03
    8.83930E+04    3.37932E-03
    9.58960E+04    3.37932E-03
    1.03403E+05    3.47231E-03
    1.10908E+05    3.62884E-03
    1.18408E+05    3.74652E-03
    1.25909E+05    3.83516E-03
    1.33416E+05    3.69670E-03
    1.40923E+05    3.83516E-03
    1.48427E+05    3.86575E-03
    1.55927E+05    4.02888E-03
    1.63429E+05    4.14455E-03
    1.70931E+05    4.24923E-03
    1.71439E+05    4.06927E-03
    1.78943E+05    4.10926E-03
    1.86450E+05    4.13789E-03
    1.93952E+05    4.22296E-03
    2.01456E+05    4.36095E-03
    2.08963E+05    4.42837E-03
    2.16469E+05    4.45620E-03
    2.31487E+05    4.52636E-03
    2.38997E+05    4.74503E-03
    2.46496E+05    4.96012E-03
    2.54002E+05    4.89861E-03
    2.69014E+05    5.03455E-03
    2.76517E+05    4.97579E-03
    2.84018E+05    5.09997E-03
    2.91522E+05    4.94758E-03
    3.06535E+05    5.17125E-03
    3.14045E+05    5.19671E-03
    3.21556E+05    5.34436E-03
    3.29064E+05    5.49863E-03
    3.44075E+05    5.33378E-03
    3.51584E+05    5.56715E-03
    3.59084E+05    5.46379E-03
    3.81603E+05    5.66385E-03
    3.89103E+05    5.60004E-03
    3.96612E+05    5.69125E-03
    4.04120E+05    5.70887E-03
    4.19133E+05    6.60569E-03
    4.26641E+05    6.12804E-03
    4.34149E+05    6.11160E-03
    4.41652E+05    6.29784E-03
    4.56660E+05    6.04703E-03
    4.64161E+05    6.07482E-03
    4.71669E+05    6.15895E-03
    4.79178E+05    6.26381E-03
    4.94190E+05    6.58145E-03
    5.01699E+05    6.65614E-03
    5.09205E+05    6.53255E-03
    5.16711E+05    6.46097E-03
    5.31718E+05    6.57010E-03
    5.39226E+05    6.67687E-03
    5.46727E+05    6.86887E-03
    5.54228E+05    6.84541E-03
    5.69234E+05    6.99516E-03
    5.76735E+05    6.94551E-03
    5.84241E+05    7.14645E-03
    5.91748E+05    7.24691E-03
    6.06748E+05    7.17342E-03
    6.14259E+05    7.27036E-03
    6.21757E+05    7.40871E-03
    6.29263E+05    7.20978E-03
    6.44275E+05    7.45873E-03
    6.51778E+05    7.55134E-03
    6.59281E+05    7.68691E-03
    6.66789E+05    7.60800E-03
    6.81798E+05    7.69238E-03
    6.89303E+05    7.77677E-03
    6.96811E+05    7.92911E-03
    7.04314E+05    7.93146E-03
    7.19318E+05    8.16617E-03
    7.26823E+05    8.05487E-03
    7.34328E+05    8.18101E-03
    7.41836E+05    8.23021E-03
    7.56844E+05    8.41723E-03
    7.64349E+05    8.43558E-03
    7.71851E+05    8.43207E-03
    7.79357E+05    8.54176E-03
    7.94372E+05    8.80639E-03
    8.01873E+05    8.75917E-03
    8.09373E+05    8.87702E-03
    8.16876E+05    9.02139E-03
    8.31884E+05    8.96364E-03
    8.39389E+05    9.20397E-03
    8.46897E+05    9.16964E-03
    8.54403E+05    9.20787E-03
    8.69411E+05    9.29057E-03
    8.76912E+05    9.31865E-03
    8.84419E+05    9.59399E-03
    8.91921E+05    9.56708E-03
    9.06936E+05    9.63922E-03
    9.14442E+05    9.70200E-03
    9.21947E+05    9.81311E-03
    9.29454E+05    9.96358E-03
    9.44460E+05    9.98619E-03
    9.51961E+05    1.00719E-02
    9.59461E+05    1.01826E-02
    9.66969E+05    1.03650E-02
    9.81981E+05    1.05707E-02
    9.89488E+05    1.04145E-02
    9.96988E+05    1.04994E-02
    1.00449E+06    1.06424E-02
    1.01950E+06    1.07682E-02
    1.02701E+06    1.08496E-02
    1.03451E+06    1.09913E-02
    1.04201E+06    1.11218E-02
    1.05702E+06    1.12631E-02
    1.06452E+06    1.11307E-02
    1.07203E+06    1.12721E-02
    1.07953E+06    1.13877E-02
    1.09455E+06    1.15138E-02
    1.10205E+06    1.16165E-02
    1.10689E+06    1.16807E-02
    1.11431E+06    1.17099E-02
    1.12931E+06    1.20690E-02
    1.13681E+06    1.20134E-02
    1.14432E+06    1.20488E-02
    1.15182E+06    1.22814E-02
    1.16684E+06    1.23599E-02
    1.17434E+06    1.24217E-02
    1.18185E+06    1.27390E-02
    1.18935E+06    1.28229E-02
    1.20435E+06    1.28502E-02
    1.21186E+06    1.29407E-02
    1.21936E+06    1.30484E-02
    1.22687E+06    1.31144E-02
    1.24188E+06    1.32217E-02
    1.24938E+06    1.34808E-02
    1.25689E+06    1.36194E-02
    1.26439E+06    1.35383E-02
    1.27611E+06    1.39002E-02
    1.28361E+06    1.39378E-02
    1.29112E+06    1.38583E-02
    1.29862E+06    1.40582E-02
    1.31363E+06    1.43078E-02
    1.32113E+06    1.44677E-02
    1.32864E+06    1.43679E-02
    1.33615E+06    1.46438E-02
    1.35116E+06    1.46516E-02
    1.35866E+06    1.50368E-02
    1.36617E+06    1.51167E-02
    1.37367E+06    1.50015E-02
    1.38867E+06    1.52652E-02
    1.39618E+06    1.54458E-02
    1.40369E+06    1.56416E-02
    1.41120E+06    1.55900E-02
    1.42621E+06    1.59919E-02
    1.43371E+06    1.58846E-02
    1.44121E+06    1.60938E-02
    1.44871E+06    1.62422E-02
    1.46373E+06    1.64742E-02
    1.47123E+06    1.67146E-02
    1.47874E+06    1.66024E-02
    1.48624E+06    1.67282E-02
    1.50125E+06    1.69988E-02
    1.50875E+06    1.70863E-02
    1.51626E+06    1.72329E-02
    1.52376E+06    1.75742E-02
    1.53877E+06    1.78836E-02
    1.54627E+06    1.78067E-02
    1.55377E+06    1.81334E-02
    1.56128E+06    1.80789E-02
    1.57628E+06    1.83190E-02
    1.58379E+06    1.86216E-02
    1.59129E+06    1.85346E-02
    1.59879E+06    1.88809E-02
    1.61380E+06    1.89311E-02
    1.62130E+06    1.92227E-02
    1.62880E+06    1.94394E-02
    1.63631E+06    1.94293E-02
    1.65133E+06    1.97405E-02
    1.65883E+06    1.99975E-02
    1.66633E+06    2.00840E-02
    1.67384E+06    2.01280E-02
    1.68884E+06    2.04389E-02
    1.69634E+06    2.06830E-02
    1.70384E+06    2.10177E-02
    1.71135E+06    2.10212E-02
    1.72636E+06    2.13010E-02
    1.73387E+06    2.16066E-02
    1.74137E+06    2.16898E-02
    1.74887E+06    2.19472E-02
    1.76387E+06    2.23249E-02
    1.77138E+06    2.23757E-02
    1.77888E+06    2.27614E-02
    1.78638E+06    2.27772E-02
    1.80139E+06    2.31312E-02
    1.80890E+06    2.35231E-02
    1.81640E+06    2.36773E-02
    1.82390E+06    2.36985E-02
    1.83891E+06    2.40836E-02
    1.84642E+06    2.42750E-02
    1.85392E+06    2.44329E-02
    1.86143E+06    2.46765E-02
    1.87644E+06    2.50958E-02
    1.88394E+06    2.52801E-02
    1.89145E+06    2.54736E-02
    1.89895E+06    2.56455E-02
    1.91396E+06    2.60610E-02
    1.92147E+06    2.61956E-02
    1.92898E+06    2.65373E-02
    1.93648E+06    2.67044E-02
    1.95149E+06    2.70060E-02
    1.95899E+06    2.74401E-02
    1.96649E+06    2.75175E-02
    1.97400E+06    2.78177E-02
    1.98901E+06    2.82867E-02
    1.99651E+06    2.85148E-02
    2.00401E+06    2.89099E-02
    2.01151E+06    2.86827E-02
    2.02653E+06    2.92010E-02
    2.03403E+06    2.93566E-02
    2.04154E+06    2.97251E-02
    2.04905E+06    2.99903E-02
    2.06405E+06    3.05609E-02
    2.07155E+06    3.07568E-02
    2.07905E+06    3.08541E-02
    2.08656E+06    3.11095E-02
    2.10156E+06    3.17108E-02
    2.10906E+06    3.19453E-02
    2.11657E+06    3.20227E-02
    2.12407E+06    3.23330E-02
    2.13908E+06    3.30288E-02
    2.14658E+06    3.32158E-02
    2.15408E+06    3.36662E-02
    2.16159E+06    3.38056E-02
    2.17660E+06    3.43794E-02
    2.18411E+06    3.45140E-02
    2.19162E+06    3.46893E-02
    2.19912E+06    3.51258E-02
    2.21413E+06    3.54428E-02
    2.22163E+06    3.57600E-02
    2.22914E+06    3.64014E-02
    2.23664E+06    3.64993E-02
    2.25165E+06    3.70041E-02
    2.25916E+06    3.76310E-02
    2.26667E+06    3.76257E-02
    2.27417E+06    3.80666E-02
    2.28918E+06    3.85463E-02
    2.29668E+06    3.89515E-02
    2.30419E+06    3.91075E-02
    2.31170E+06    3.93676E-02
    2.31920E+06    3.98746E-02
    2.32671E+06    4.01920E-02
    2.33421E+06    4.02960E-02
    2.34172E+06    4.05936E-02
    2.34922E+06    4.07965E-02
    2.35673E+06    4.10962E-02
    2.37174E+06    4.19219E-02
    2.37925E+06    4.21684E-02
    2.38676E+06    4.25669E-02
    2.39427E+06    4.29882E-02
    2.40927E+06    4.36348E-02
    2.41677E+06    4.38835E-02
    2.41718E+06    4.38605E-02
    2.42468E+06    4.41872E-02
    2.43969E+06    4.48239E-02
    2.44720E+06    4.53851E-02
    2.45470E+06    4.56724E-02
    2.46221E+06    4.59613E-02
    2.47721E+06    4.67123E-02
    2.48471E+06    4.71097E-02
    2.49222E+06    4.74912E-02
    2.49973E+06    4.78313E-02
    2.51474E+06    4.87842E-02
    2.52225E+06    4.89416E-02
    2.52975E+06    4.94738E-02
    2.53725E+06    4.97320E-02
    2.54475E+06    5.01492E-02
    2.55225E+06    5.05412E-02
    2.55975E+06    5.09356E-02
    2.56726E+06    5.12992E-02
    2.57476E+06    5.17722E-02
    2.58226E+06    5.21553E-02
    2.58976E+06    5.26750E-02
    2.59727E+06    5.30813E-02
    2.60478E+06    5.34169E-02
    2.61229E+06    5.37714E-02
    2.61979E+06    5.42686E-02
    2.62730E+06    5.47834E-02
    2.63480E+06    5.50681E-02
    2.64981E+06    5.60893E-02
    2.65732E+06    5.63982E-02
    2.66482E+06    5.67985E-02
    2.67232E+06    5.71797E-02
    2.67983E+06    5.76618E-02
    2.68733E+06    5.80490E-02
    2.70234E+06    5.90308E-02
    2.70984E+06    5.94219E-02
    2.71735E+06    6.00271E-02
    2.72486E+06    6.05038E-02
    2.73237E+06    6.10744E-02
    2.73987E+06    6.13791E-02
    2.74738E+06    6.19928E-02
    2.75467E+06    6.24220E-02
    2.76218E+06    6.27833E-02
    2.76969E+06    6.32845E-02
    2.77719E+06    6.38066E-02
    2.78469E+06    6.42335E-02
    2.79220E+06    6.47801E-02
    2.79970E+06    6.57494E-02
    2.80721E+06    6.56941E-02
    2.81471E+06    6.61688E-02
    2.82222E+06    6.68135E-02
    2.82972E+06    6.72487E-02
    2.83722E+06    6.78577E-02
    2.84473E+06    6.83498E-02
    2.85223E+06    6.90290E-02
    2.85974E+06    6.95606E-02
    2.86724E+06    6.98903E-02
    2.87475E+06    7.06581E-02
    2.88225E+06    7.10362E-02
    2.88975E+06    7.17616E-02
    2.89726E+06    7.22961E-02
    2.90477E+06    7.26861E-02
    2.91227E+06    7.37399E-02
    2.91977E+06    7.41132E-02
    2.92728E+06    7.45146E-02
    2.93478E+06    7.52510E-02
    2.94229E+06    7.59405E-02
    2.94979E+06    7.64341E-02
    2.95729E+06    7.69082E-02
    2.96480E+06    7.74530E-02
    2.97230E+06    7.83213E-02
    2.97981E+06    7.87795E-02
    2.98731E+06    7.93299E-02
    2.99482E+06    8.00359E-02
    3.00232E+06    8.07462E-02
    3.00984E+06    8.15150E-02
    3.01734E+06    8.20701E-02
    3.02484E+06    8.28963E-02
    3.03235E+06    8.34361E-02
    3.03985E+06    8.40643E-02
    3.04736E+06    8.48668E-02
    3.05487E+06    8.57424E-02
    3.06237E+06    8.62102E-02
    3.06988E+06    8.69403E-02
    3.07738E+06    8.76950E-02
    3.08488E+06    8.84398E-02
    3.09239E+06    8.92064E-02
    3.09977E+06    9.01397E-02
    3.10727E+06    9.07691E-02
    3.11478E+06    9.15644E-02
    3.12228E+06    9.22551E-02
    3.12979E+06    9.30456E-02
    3.13730E+06    9.40786E-02
    3.14480E+06    9.48559E-02
    3.15230E+06    9.55804E-02
    3.15981E+06    9.65113E-02
    3.16732E+06    9.72714E-02
    3.17483E+06    9.82518E-02
    3.18234E+06    9.91468E-02
    3.18625E+06    9.96376E-02
    3.19376E+06    1.00517E-01
    3.20126E+06    1.01479E-01
    3.20876E+06    1.02289E-01
    3.21627E+06    1.03411E-01
    3.22377E+06    1.04385E-01
    3.23128E+06    1.05495E-01
    3.23879E+06    1.06486E-01
    3.24629E+06    1.07526E-01
    3.25379E+06    1.08575E-01
    3.26130E+06    1.09763E-01
    3.26880E+06    1.11059E-01
    3.27631E+06    1.12336E-01
    3.28382E+06    1.13458E-01
    3.29133E+06    1.14905E-01
    3.29883E+06    1.16320E-01
    3.30634E+06    1.18277E-01
    3.31385E+06    1.21399E-01
