 nimonic 105; bg42; 96MPa; 1173K; BG;
 96.
 1173.
  3
399   
    0.00000E+00    0.00000E+00
    5.00000E+00    1.04128E-04
    1.00000E+01    9.01538E-05
    5.00000E+01    9.53090E-04
    3.00000E+02    1.10195E-03
    1.74500E+03    1.61150E-03
    4.62800E+03    1.75515E-03
    7.94800E+03    2.00311E-03
    1.12370E+04    1.96460E-03
    1.45240E+04    2.17775E-03
    2.11340E+04    1.99368E-03
    2.77400E+04    2.26024E-03
    3.43630E+04    2.68635E-03
    4.10010E+04    2.64355E-03
    4.76200E+04    2.68125E-03
    5.42090E+04    2.47214E-03
    6.08260E+04    2.76821E-03
    6.74290E+04    2.69401E-03
    7.38510E+04    2.78784E-03
    8.04930E+04    2.71737E-03
    8.70790E+04    2.45564E-03
    9.36910E+04    2.40793E-03
    1.00287E+05    2.50218E-03
    1.06890E+05    2.52574E-03
    1.13497E+05    3.39757E-03
    1.26683E+05    3.10462E-03
    1.33286E+05    2.67064E-03
    1.39866E+05    2.64375E-03
    1.46451E+05    2.74681E-03
    1.53073E+05    2.72522E-03
    1.59701E+05    2.83633E-03
    2.02731E+05    3.06302E-03
    2.13241E+05    2.98766E-03
    2.23746E+05    3.05360E-03
    2.34249E+05    3.21491E-03
    2.38843E+05    3.04712E-03
    2.44756E+05    3.41071E-03
    2.60814E+05    3.10031E-03
    2.71316E+05    3.18057E-03
    2.81825E+05    3.39365E-03
    2.92331E+05    3.74201E-03
    3.02835E+05    3.48585E-03
    3.13344E+05    3.26435E-03
    3.34349E+05    3.35460E-03
    3.44856E+05    3.38540E-03
    3.55361E+05    3.48957E-03
    3.65865E+05    3.48035E-03
    3.76374E+05    3.48918E-03
    3.86884E+05    3.53861E-03
    4.07894E+05    3.60707E-03
    4.18398E+05    3.75828E-03
    4.19978E+05    3.70004E-03
    4.30486E+05    4.11318E-03
    4.40992E+05    3.77829E-03
    4.51492E+05    3.84496E-03
    4.72501E+05    3.66650E-03
    4.83005E+05    3.68160E-03
    4.93514E+05    3.81555E-03
    5.04017E+05    4.08652E-03
    5.14522E+05    3.99457E-03
    5.25025E+05    4.04692E-03
    5.46037E+05    4.03084E-03
    5.56543E+05    4.39603E-03
    5.67051E+05    4.26020E-03
    5.77560E+05    4.30333E-03
    5.88064E+05    4.38133E-03
    5.98570E+05    4.35291E-03
    6.19579E+05    4.43150E-03
    6.30087E+05    4.81673E-03
    6.40590E+05    4.50147E-03
    6.51095E+05    4.59768E-03
    6.61598E+05    4.72915E-03
    6.72104E+05    4.68409E-03
    6.93111E+05    4.72543E-03
    7.03614E+05    4.76697E-03
    7.14113E+05    4.88353E-03
    7.24623E+05    4.96365E-03
    7.35128E+05    4.97794E-03
    7.45636E+05    5.02358E-03
    7.56549E+05    5.17086E-03
    7.67057E+05    5.16322E-03
    7.77560E+05    5.14305E-03
    7.88060E+05    5.01810E-03
    7.98560E+05    5.31518E-03
    8.09066E+05    5.34729E-03
    8.30080E+05    5.43638E-03
    8.40585E+05    5.44715E-03
    8.51091E+05    5.51762E-03
    8.61592E+05    5.52526E-03
    8.72098E+05    5.67129E-03
    8.82606E+05    5.59025E-03
    9.03616E+05    5.62353E-03
    9.14117E+05    5.66874E-03
    9.24619E+05    5.80986E-03
    9.35119E+05    5.77835E-03
    9.45622E+05    5.91750E-03
    9.56128E+05    5.97151E-03
    9.77140E+05    6.00477E-03
    9.87644E+05    5.99675E-03
    9.98145E+05    6.09419E-03
    1.00865E+06    6.23818E-03
    1.01916E+06    6.21842E-03
    1.02966E+06    6.32797E-03
    1.05068E+06    6.42811E-03
    1.06118E+06    6.49227E-03
    1.06140E+06    6.54390E-03
    1.07190E+06    6.60784E-03
    1.08241E+06    6.66142E-03
    1.09292E+06    6.77308E-03
    1.11393E+06    6.76310E-03
    1.12444E+06    6.81433E-03
    1.13495E+06    6.95880E-03
    1.14545E+06    6.97210E-03
    1.15596E+06    7.04814E-03
    1.16647E+06    7.03817E-03
    1.18749E+06    7.02429E-03
    1.19237E+06    7.07961E-03
    1.19799E+06    7.15485E-03
    1.20849E+06    7.11459E-03
    1.21900E+06    7.25296E-03
    1.22950E+06    7.25902E-03
    1.25051E+06    7.43255E-03
    1.26101E+06    7.54919E-03
    1.27152E+06    7.59373E-03
    1.28202E+06    7.54626E-03
    1.29253E+06    7.50699E-03
    1.30303E+06    7.48296E-03
    1.32403E+06    7.96758E-03
    1.33454E+06    7.98692E-03
    1.34504E+06    7.88556E-03
    1.35555E+06    7.99121E-03
    1.36605E+06    7.94747E-03
    1.37655E+06    7.97520E-03
    1.39756E+06    8.07069E-03
    1.40807E+06    8.23665E-03
    1.41857E+06    8.29562E-03
    1.42907E+06    8.42406E-03
    1.43958E+06    8.45354E-03
    1.45008E+06    8.54352E-03
    1.45887E+06    8.69204E-03
    1.47769E+06    8.65183E-03
    1.48819E+06    8.77926E-03
    1.49870E+06    8.66101E-03
    1.50921E+06    8.86551E-03
    1.51971E+06    9.09240E-03
    1.53102E+06    9.04519E-03
    1.54152E+06    9.04441E-03
    1.55202E+06    9.09571E-03
    1.56252E+06    9.11268E-03
    1.57302E+06    9.21782E-03
    1.58352E+06    9.44600E-03
    1.60454E+06    9.44872E-03
    1.61504E+06    9.50839E-03
    1.62555E+06    9.66963E-03
    1.63605E+06    9.75190E-03
    1.64655E+06    9.87139E-03
    1.65705E+06    9.70336E-03
    1.67806E+06    1.00117E-02
    1.68856E+06    1.00645E-02
    1.69906E+06    1.01608E-02
    1.70958E+06    1.01666E-02
    1.72008E+06    1.01931E-02
    1.73058E+06    1.03742E-02
    1.75160E+06    1.04519E-02
    1.76210E+06    1.05875E-02
    1.77261E+06    1.06541E-02
    1.78312E+06    1.08058E-02
    1.79362E+06    1.07699E-02
    1.80412E+06    1.07978E-02
    1.82513E+06    1.10295E-02
    1.83563E+06    1.11078E-02
    1.84613E+06    1.11749E-02
    1.85664E+06    1.12004E-02
    1.86714E+06    1.13449E-02
    1.87764E+06    1.12684E-02
    1.88477E+06    1.16619E-02
    1.89287E+06    1.15866E-02
    1.90338E+06    1.16840E-02
    1.91388E+06    1.18087E-02
    1.92439E+06    1.18144E-02
    1.93489E+06    1.19130E-02
    1.95590E+06    1.20330E-02
    1.96641E+06    1.20801E-02
    1.97121E+06    1.20661E-02
    1.97173E+06    1.20896E-02
    1.98172E+06    1.23459E-02
    1.99222E+06    1.23990E-02
    2.01323E+06    1.24254E-02
    2.02373E+06    1.24793E-02
    2.03424E+06    1.26527E-02
    2.04474E+06    1.27547E-02
    2.05524E+06    1.29868E-02
    2.06574E+06    1.30653E-02
    2.08675E+06    1.32083E-02
    2.09725E+06    1.31070E-02
    2.11825E+06    1.33003E-02
    2.12876E+06    1.35658E-02
    2.13927E+06    1.35816E-02
    2.16028E+06    1.39815E-02
    2.16719E+06    1.39262E-02
    2.17769E+06    1.39029E-02
    2.19870E+06    1.42230E-02
    2.20921E+06    1.43018E-02
    2.23022E+06    1.44917E-02
    2.24072E+06    1.45082E-02
    2.25123E+06    1.47342E-02
    2.26173E+06    1.48539E-02
    2.28274E+06    1.50424E-02
    2.30375E+06    1.53150E-02
    2.31426E+06    1.52894E-02
    2.32475E+06    1.53350E-02
    2.33526E+06    1.54464E-02
    2.34577E+06    1.55811E-02
    2.37729E+06    1.60847E-02
    2.38779E+06    1.60954E-02
    2.39830E+06    1.61349E-02
    2.40880E+06    1.64107E-02
    2.41930E+06    1.65054E-02
    2.42981E+06    1.65321E-02
    2.45082E+06    1.68560E-02
    2.46132E+06    1.68614E-02
    2.47183E+06    1.70334E-02
    2.48234E+06    1.71093E-02
    2.49285E+06    1.71933E-02
    2.50336E+06    1.73301E-02
    2.52437E+06    1.73866E-02
    2.53488E+06    1.75599E-02
    2.54539E+06    1.77655E-02
    2.55590E+06    1.79146E-02
    2.56641E+06    1.79644E-02
    2.57692E+06    1.81916E-02
    2.59793E+06    1.84166E-02
    2.60843E+06    1.85725E-02
    2.61894E+06    1.87163E-02
    2.62944E+06    1.87700E-02
    2.63994E+06    1.88898E-02
    2.65045E+06    1.90516E-02
    2.67146E+06    1.93185E-02
    2.68196E+06    1.93658E-02
    2.69247E+06    1.95181E-02
    2.70297E+06    1.96023E-02
    2.71348E+06    1.97592E-02
    2.72398E+06    1.98325E-02
    2.74499E+06    2.01677E-02
    2.75550E+06    2.02373E-02
    2.76600E+06    2.04266E-02
    2.77650E+06    2.04941E-02
    2.78701E+06    2.06856E-02
    2.79751E+06    2.07968E-02
    2.81852E+06    2.10127E-02
    2.82902E+06    2.12091E-02
    2.83953E+06    2.12985E-02
    2.86054E+06    2.16544E-02
    2.87104E+06    2.16203E-02
    2.89206E+06    2.20007E-02
    2.90256E+06    2.20866E-02
    2.91307E+06    2.21620E-02
    2.92357E+06    2.23118E-02
    2.94458E+06    2.25942E-02
    2.96560E+06    2.28903E-02
    2.97610E+06    2.30175E-02
    2.98661E+06    2.31306E-02
    2.99711E+06    2.32901E-02
    3.00762E+06    2.34281E-02
    3.03913E+06    2.39022E-02
    3.04963E+06    2.40442E-02
    3.06013E+06    2.41347E-02
    3.07063E+06    2.42347E-02
    3.08114E+06    2.44446E-02
    3.09165E+06    2.46329E-02
    3.11307E+06    2.49146E-02
    3.12358E+06    2.50298E-02
    3.13408E+06    2.52223E-02
    3.14458E+06    2.53958E-02
    3.15509E+06    2.54834E-02
    3.17610E+06    2.57932E-02
    3.19711E+06    2.61486E-02
    3.20762E+06    2.64332E-02
    3.21813E+06    2.64378E-02
    3.22863E+06    2.67391E-02
    3.24964E+06    2.69783E-02
    3.26015E+06    2.72409E-02
    3.27185E+06    2.73970E-02
    3.28236E+06    2.74811E-02
    3.29286E+06    2.77008E-02
    3.31387E+06    2.80408E-02
    3.32437E+06    2.83780E-02
    3.33487E+06    2.84046E-02
    3.35588E+06    2.90994E-02
    3.36638E+06    2.90448E-02
    3.38738E+06    2.93728E-02
    3.39788E+06    2.94338E-02
    3.40838E+06    2.96351E-02
    3.41888E+06    2.99033E-02
    3.42939E+06    2.99545E-02
    3.43989E+06    3.04122E-02
    3.46090E+06    3.06208E-02
    3.47141E+06    3.08316E-02
    3.48191E+06    3.09244E-02
    3.49241E+06    3.11827E-02
    3.50291E+06    3.12327E-02
    3.51342E+06    3.16143E-02
    3.53442E+06    3.18507E-02
    3.54493E+06    3.20475E-02
    3.55543E+06    3.22219E-02
    3.56593E+06    3.24741E-02
    3.57643E+06    3.26084E-02
    3.58694E+06    3.29273E-02
    3.60795E+06    3.33053E-02
    3.61845E+06    3.35458E-02
    3.62896E+06    3.38337E-02
    3.63947E+06    3.40063E-02
    3.64997E+06    3.43402E-02
    3.66048E+06    3.44161E-02
    3.68149E+06    3.49232E-02
    3.69199E+06    3.50939E-02
    3.70249E+06    3.54285E-02
    3.71299E+06    3.56493E-02
    3.72350E+06    3.58288E-02
    3.73401E+06    3.61313E-02
    3.75501E+06    3.66318E-02
    3.76552E+06    3.68447E-02
    3.77601E+06    3.70818E-02
    3.78652E+06    3.73299E-02
    3.79703E+06    3.76344E-02
    3.80754E+06    3.78069E-02
    3.82854E+06    3.83294E-02
    3.83905E+06    3.86501E-02
    3.84955E+06    3.88404E-02
    3.86005E+06    3.91096E-02
    3.87055E+06    3.96444E-02
    3.88106E+06    3.96471E-02
    3.90206E+06    4.06334E-02
    3.91257E+06    4.09421E-02
    3.92307E+06    4.08011E-02
    3.93357E+06    4.10864E-02
    3.94407E+06    4.13027E-02
    3.95457E+06    4.16209E-02
    3.97558E+06    4.25388E-02
    3.98608E+06    4.28507E-02
    3.99659E+06    4.28538E-02
    4.00709E+06    4.32316E-02
    4.01760E+06    4.34640E-02
    4.02810E+06    4.36877E-02
    4.04911E+06    4.42734E-02
    4.05962E+06    4.46302E-02
    4.07012E+06    4.49397E-02
    4.08062E+06    4.52940E-02
    4.09112E+06    4.56157E-02
    4.10162E+06    4.60143E-02
    4.12262E+06    4.66087E-02
    4.13313E+06    4.70137E-02
    4.14363E+06    4.73514E-02
    4.15414E+06    4.77013E-02
    4.16464E+06    4.80807E-02
    4.17515E+06    4.83812E-02
    4.19617E+06    4.91769E-02
    4.20667E+06    4.95214E-02
    4.21717E+06    4.99773E-02
    4.22767E+06    5.03469E-02
    4.23818E+06    5.07717E-02
    4.24868E+06    5.11333E-02
    4.26969E+06    5.18341E-02
    4.28019E+06    5.22403E-02
    4.29070E+06    5.27017E-02
    4.30120E+06    5.32302E-02
    4.31038E+06    5.36100E-02
    4.31170E+06    5.37091E-02
    4.33271E+06    5.45778E-02
    4.34322E+06    5.50307E-02
    4.35372E+06    5.55191E-02
    4.36423E+06    5.59851E-02
    4.37473E+06    5.63617E-02
    4.38523E+06    5.69668E-02
    4.39573E+06    5.74028E-02
    4.40624E+06    5.79868E-02
    4.41292E+06    5.82962E-02
    4.42342E+06    5.89604E-02
    4.43393E+06    5.94504E-02
    4.44444E+06    6.01270E-02
    4.45495E+06    6.06065E-02
    4.46545E+06    6.12121E-02
    4.47596E+06    6.18361E-02
    4.48646E+06    6.25161E-02
    4.49696E+06    6.31748E-02
    4.50747E+06    6.38816E-02
    4.51798E+06    6.46176E-02
    4.52848E+06    6.53997E-02
    4.53898E+06    6.66297E-02
    4.54949E+06    6.71222E-02
    4.55999E+06    6.79706E-02
    4.57050E+06    6.89269E-02
    4.58100E+06    6.99068E-02
    4.59150E+06    7.09707E-02
    4.60200E+06    7.21747E-02
    4.61251E+06    7.36121E-02
    4.62301E+06    7.51385E-02
    4.63351E+06    7.73523E-02
    4.64402E+06    8.03157E-02
