 nimonic 105; bg4; 200MPA; 1173K; BG;
 200.
 1173.
  3
356   
    0.00000E+00    0.00000E+00
    5.00000E+00    2.00709E-05
    5.20000E+01    1.13335E-04
    2.22000E+02    6.50516E-04
    4.26000E+02    9.30303E-04
    6.31000E+02    1.10073E-03
    8.35000E+02    1.17188E-03
    1.03900E+03    1.39356E-03
    1.24400E+03    1.41085E-03
    1.44600E+03    1.42087E-03
    1.85600E+03    1.57687E-03
    2.67700E+03    1.79080E-03
    3.08600E+03    1.90334E-03
    3.29100E+03    2.01214E-03
    3.90500E+03    2.22656E-03
    4.31400E+03    2.18337E-03
    5.13100E+03    2.49354E-03
    5.54000E+03    2.61464E-03
    5.74400E+03    2.62249E-03
    6.36000E+03    2.63446E-03
    6.77000E+03    2.76222E-03
    7.58700E+03    2.94764E-03
    7.99600E+03    2.99845E-03
    8.20000E+03    3.05789E-03
    8.80900E+03    3.21580E-03
    9.21800E+03    3.28994E-03
    1.00390E+04    3.43702E-03
    1.04460E+04    3.56781E-03
    1.06520E+04    3.60683E-03
    1.12660E+04    3.74700E-03
    1.16750E+04    3.82169E-03
    1.24940E+04    3.97693E-03
    1.29030E+04    4.11843E-03
    1.31080E+04    4.09805E-03
    1.37230E+04    4.21033E-03
    1.41320E+04    4.32338E-03
    1.49510E+04    4.44720E-03
    1.53600E+04    4.57923E-03
    1.55650E+04    4.64308E-03
    1.61790E+04    4.76921E-03
    1.65870E+04    4.86262E-03
    1.74070E+04    5.00967E-03
    1.78180E+04    5.11872E-03
    1.80230E+04    5.08191E-03
    1.86390E+04    5.21327E-03
    1.90490E+04    5.34245E-03
    1.98660E+04    5.57925E-03
    2.02750E+04    5.58825E-03
    2.04800E+04    5.54598E-03
    2.10940E+04    5.70722E-03
    2.15030E+04    5.91478E-03
    2.23240E+04    5.91772E-03
    2.27320E+04    6.02315E-03
    2.29360E+04    6.10470E-03
    2.35500E+04    6.24160E-03
    2.39590E+04    6.27504E-03
    2.47770E+04    6.46802E-03
    2.51870E+04    6.66898E-03
    2.53910E+04    6.64200E-03
    2.60060E+04    6.67308E-03
    2.64150E+04    6.75947E-03
    2.72330E+04    7.06471E-03
    2.76410E+04    6.99457E-03
    2.78460E+04    7.06745E-03
    2.84620E+04    7.17510E-03
    2.88720E+04    7.29486E-03
    2.96920E+04    7.41674E-03
    3.01010E+04    7.48119E-03
    3.03060E+04    7.53217E-03
    3.09190E+04    7.72803E-03
    3.13280E+04    7.86275E-03
    3.21450E+04    7.89887E-03
    3.25540E+04    8.01619E-03
    3.27580E+04    8.09681E-03
    3.33740E+04    8.29236E-03
    3.37830E+04    8.22133E-03
    3.45990E+04    8.43305E-03
    3.50090E+04    8.60748E-03
    3.52130E+04    8.64864E-03
    3.58270E+04    8.63967E-03
    3.62360E+04    8.73310E-03
    3.70540E+04    9.01357E-03
    3.74640E+04    9.02819E-03
    3.76690E+04    9.08903E-03
    3.82830E+04    9.14772E-03
    3.86940E+04    9.30642E-03
    3.95120E+04    9.43684E-03
    3.99210E+04    9.49843E-03
    4.01260E+04    9.56996E-03
    4.07380E+04    9.74906E-03
    4.11500E+04    9.76952E-03
    4.19680E+04    9.91253E-03
    4.23770E+04    1.00670E-02
    4.25820E+04    1.00699E-02
    4.31950E+04    1.01962E-02
    4.36020E+04    1.03292E-02
    4.44210E+04    1.04982E-02
    4.48300E+04    1.05586E-02
    4.50370E+04    1.06057E-02
    4.56510E+04    1.06976E-02
    4.60600E+04    1.07723E-02
    4.68870E+04    1.09761E-02
    4.72960E+04    1.10561E-02
    4.75000E+04    1.11114E-02
    4.81140E+04    1.12643E-02
    4.85280E+04    1.12824E-02
    4.93170E+04    1.14815E-02
    4.97280E+04    1.16126E-02
    4.99320E+04    1.15867E-02
    5.05460E+04    1.17917E-02
    5.09550E+04    1.18382E-02
    5.17730E+04    1.20087E-02
    5.22720E+04    1.21325E-02
    5.24770E+04    1.22155E-02
    5.29470E+04    1.22781E-02
    5.33260E+04    1.24070E-02
    5.41360E+04    1.26571E-02
    5.45400E+04    1.27414E-02
    5.47430E+04    1.27847E-02
    5.53560E+04    1.27800E-02
    5.57610E+04    1.29926E-02
    5.65700E+04    1.31374E-02
    5.69770E+04    1.31775E-02
    5.71790E+04    1.32312E-02
    5.77860E+04    1.34607E-02
    5.81970E+04    1.35549E-02
    5.90080E+04    1.37174E-02
    5.94130E+04    1.38206E-02
    5.96160E+04    1.38996E-02
    6.02220E+04    1.39211E-02
    6.06290E+04    1.40312E-02
    6.14450E+04    1.43206E-02
    6.18490E+04    1.43193E-02
    6.20520E+04    1.43718E-02
    6.26580E+04    1.45512E-02
    6.30630E+04    1.46575E-02
    6.38770E+04    1.48008E-02
    6.42830E+04    1.49638E-02
    6.44880E+04    1.50695E-02
    6.50940E+04    1.51571E-02
    6.54990E+04    1.52205E-02
    6.63080E+04    1.54470E-02
    6.67120E+04    1.54567E-02
    6.69200E+04    1.55535E-02
    6.75280E+04    1.57484E-02
    6.79320E+04    1.58331E-02
    6.87440E+04    1.60139E-02
    6.91530E+04    1.61113E-02
    6.93560E+04    1.61721E-02
    6.99680E+04    1.62589E-02
    7.03730E+04    1.64679E-02
    7.11820E+04    1.65850E-02
    7.15860E+04    1.67019E-02
    7.17890E+04    1.67625E-02
    7.23980E+04    1.69140E-02
    7.28030E+04    1.70221E-02
    7.36180E+04    1.72728E-02
    7.40230E+04    1.73380E-02
    7.42250E+04    1.73624E-02
    7.48320E+04    1.75517E-02
    7.52370E+04    1.76149E-02
    7.60520E+04    1.78631E-02
    7.64600E+04    1.80044E-02
    7.65010E+04    1.80272E-02
    7.68690E+04    1.80968E-02
    7.72740E+04    1.82510E-02
    7.80830E+04    1.84003E-02
    7.84880E+04    1.85715E-02
    7.86900E+04    1.86124E-02
    7.92950E+04    1.87845E-02
    7.97000E+04    1.88571E-02
    8.05120E+04    1.91293E-02
    8.09160E+04    1.91812E-02
    8.11180E+04    1.92262E-02
    8.17250E+04    1.94879E-02
    8.21360E+04    1.94972E-02
    8.29460E+04    1.97712E-02
    8.33510E+04    1.98989E-02
    8.35540E+04    1.98983E-02
    8.41630E+04    2.01350E-02
    8.45680E+04    2.03270E-02
    8.53840E+04    2.04633E-02
    8.57880E+04    2.06270E-02
    8.59910E+04    2.06555E-02
    8.65980E+04    2.09049E-02
    8.70030E+04    2.11007E-02
    8.78120E+04    2.12633E-02
    8.82160E+04    2.13912E-02
    8.84180E+04    2.14025E-02
    8.90300E+04    2.15784E-02
    8.94350E+04    2.18021E-02
    9.02450E+04    2.19615E-02
    9.06490E+04    2.22148E-02
    9.08520E+04    2.21744E-02
    9.14650E+04    2.24149E-02
    9.18720E+04    2.25437E-02
    9.26810E+04    2.27882E-02
    9.30860E+04    2.29674E-02
    9.32880E+04    2.30235E-02
    9.39010E+04    2.32358E-02
    9.43060E+04    2.33096E-02
    9.53630E+04    2.37350E-02
    9.57680E+04    2.37736E-02
    9.59700E+04    2.38526E-02
    9.65780E+04    2.40925E-02
    9.69820E+04    2.41897E-02
    9.77920E+04    2.45133E-02
    9.82020E+04    2.46417E-02
    9.84050E+04    2.47531E-02
    9.90120E+04    2.48922E-02
    9.94190E+04    2.50786E-02
    1.00228E+05    2.53303E-02
    1.00633E+05    2.55364E-02
    1.00835E+05    2.56127E-02
    1.01448E+05    2.58490E-02
    1.01853E+05    2.60384E-02
    1.02662E+05    2.63462E-02
    1.03069E+05    2.64559E-02
    1.03271E+05    2.64612E-02
    1.03878E+05    2.67473E-02
    1.04288E+05    2.68498E-02
    1.05098E+05    2.72516E-02
    1.05505E+05    2.73579E-02
    1.05707E+05    2.74301E-02
    1.06314E+05    2.76412E-02
    1.06719E+05    2.78844E-02
    1.07537E+05    2.81538E-02
    1.07941E+05    2.82640E-02
    1.08143E+05    2.84216E-02
    1.08750E+05    2.86963E-02
    1.09155E+05    2.87666E-02
    1.09964E+05    2.91042E-02
    1.10374E+05    2.93458E-02
    1.10577E+05    2.94726E-02
    1.11187E+05    2.96299E-02
    1.11591E+05    2.98444E-02
    1.12400E+05    3.02188E-02
    1.13007E+05    3.04322E-02
    1.13621E+05    3.06668E-02
    1.14025E+05    3.09484E-02
    1.14837E+05    3.13097E-02
    1.15449E+05    3.15469E-02
    1.16467E+05    3.20019E-02
    1.16669E+05    3.21614E-02
    1.17276E+05    3.23493E-02
    1.17883E+05    3.26498E-02
    1.18897E+05    3.31261E-02
    1.19712E+05    3.35033E-02
    1.20117E+05    3.36747E-02
    1.20319E+05    3.37744E-02
    1.21330E+05    3.43718E-02
    1.22139E+05    3.47086E-02
    1.22755E+05    3.50275E-02
    1.23362E+05    3.52879E-02
    1.23767E+05    3.55529E-02
    1.24576E+05    3.60171E-02
    1.25182E+05    3.63450E-02
    1.26193E+05    3.67241E-02
    1.26395E+05    3.68587E-02
    1.26802E+05    3.71039E-02
    1.27207E+05    3.73424E-02
    1.27814E+05    3.76286E-02
    1.28427E+05    3.79685E-02
    1.28629E+05    3.81587E-02
    1.28831E+05    3.82085E-02
    1.29438E+05    3.85918E-02
    1.30045E+05    3.89530E-02
    1.30452E+05    3.91081E-02
    1.30857E+05    3.93164E-02
    1.31059E+05    3.94494E-02
    1.31672E+05    3.98175E-02
    1.32077E+05    4.01111E-02
    1.32683E+05    4.04791E-02
    1.32886E+05    4.05552E-02
    1.33290E+05    4.09123E-02
    1.33694E+05    4.10740E-02
    1.34300E+05    4.14008E-02
    1.34907E+05    4.17819E-02
    1.35109E+05    4.20312E-02
    1.35316E+05    4.20150E-02
    1.35923E+05    4.23937E-02
    1.36530E+05    4.28386E-02
    1.36935E+05    4.31079E-02
    1.37345E+05    4.34716E-02
    1.37484E+05    4.35293E-02
    1.37952E+05    4.37527E-02
    1.38360E+05    4.40792E-02
    1.38765E+05    4.43038E-02
    1.38967E+05    4.45688E-02
    1.39372E+05    4.46795E-02
    1.39776E+05    4.49841E-02
    1.40389E+05    4.54563E-02
    1.40996E+05    4.58417E-02
    1.41201E+05    4.60173E-02
    1.41403E+05    4.61302E-02
    1.42015E+05    4.65692E-02
    1.42624E+05    4.70924E-02
    1.43009E+05    4.73840E-02
    1.43252E+05    4.75691E-02
    1.43455E+05    4.77758E-02
    1.44062E+05    4.80669E-02
    1.44467E+05    4.84472E-02
    1.45074E+05    4.88306E-02
    1.45278E+05    4.90993E-02
    1.45683E+05    4.94459E-02
    1.45887E+05    4.94901E-02
    1.46503E+05    4.99534E-02
    1.47110E+05    5.05291E-02
    1.47312E+05    5.06759E-02
    1.47514E+05    5.08485E-02
    1.48121E+05    5.14192E-02
    1.48728E+05    5.17778E-02
    1.49133E+05    5.21648E-02
    1.49544E+05    5.25456E-02
    1.49747E+05    5.27093E-02
    1.50174E+05    5.30734E-02
    1.50579E+05    5.34199E-02
    1.51186E+05    5.40077E-02
    1.51388E+05    5.41024E-02
    1.51793E+05    5.45132E-02
    1.52198E+05    5.48822E-02
    1.52811E+05    5.55200E-02
    1.53418E+05    5.60628E-02
    1.53620E+05    5.62345E-02
    1.53825E+05    5.64689E-02
    1.54229E+05    5.68576E-02
    1.54836E+05    5.74338E-02
    1.55230E+05    5.78786E-02
    1.55476E+05    5.81865E-02
    1.55678E+05    5.84243E-02
    1.56285E+05    5.89668E-02
    1.56690E+05    5.94288E-02
    1.57296E+05    6.00618E-02
    1.57499E+05    6.03283E-02
    1.57906E+05    6.07457E-02
    1.58317E+05    6.13579E-02
    1.58925E+05    6.21495E-02
    1.59127E+05    6.22982E-02
    1.59329E+05    6.25387E-02
    1.59531E+05    6.29094E-02
    1.59734E+05    6.31782E-02
    1.59936E+05    6.34000E-02
    1.60138E+05    6.37413E-02
    1.60178E+05    6.38251E-02
    1.60346E+05    6.40842E-02
    1.60548E+05    6.44061E-02
    1.60751E+05    6.48211E-02
    1.60953E+05    6.52492E-02
    1.61155E+05    6.56451E-02
    1.61363E+05    6.61867E-02
    1.61566E+05    6.68716E-02
    1.61771E+05    6.75777E-02
    1.61973E+05    6.86668E-02
    1.62142E+05    6.96692E-02
    1.62195E+05    7.01698E-02
    1.62397E+05    7.28332E-02
