 nimonic 105; bg18; 120MPA; 1173K; BG;
 120.
 1173.
  3
391   
    0.00000E+00    0.00000E+00
    4.17000E+02    5.59042E-05
    5.29900E+03    7.17066E-04
    1.01030E+04    1.11670E-03
    1.98430E+04    1.46369E-03
    2.46960E+04    1.61405E-03
    2.95560E+04    1.79131E-03
    3.92560E+04    1.94849E-03
    4.41190E+04    2.06322E-03
    4.89830E+04    2.31523E-03
    5.86990E+04    2.46664E-03
    6.35600E+04    2.54675E-03
    6.84230E+04    2.57346E-03
    7.80510E+04    2.76527E-03
    8.29530E+04    2.90601E-03
    8.78570E+04    2.95881E-03
    9.75620E+04    3.02985E-03
    1.02459E+05    3.08147E-03
    1.07381E+05    3.14230E-03
    1.17201E+05    3.21942E-03
    1.22103E+05    3.21118E-03
    1.27012E+05    3.26219E-03
    1.36831E+05    3.41169E-03
    1.41753E+05    3.46172E-03
    1.46657E+05    3.47859E-03
    1.58857E+05    3.61393E-03
    1.63685E+05    3.55999E-03
    1.68717E+05    3.80770E-03
    1.77930E+05    3.95026E-03
    1.82746E+05    4.06378E-03
    1.87568E+05    3.99026E-03
    1.97210E+05    4.03555E-03
    2.02032E+05    4.14474E-03
    2.06856E+05    4.19669E-03
    2.16491E+05    4.17689E-03
    2.21312E+05    4.33351E-03
    2.26137E+05    4.38329E-03
    2.35773E+05    4.35566E-03
    2.40584E+05    4.38133E-03
    2.44205E+05    4.51068E-03
    2.53850E+05    4.53870E-03
    2.58680E+05    4.52185E-03
    2.63507E+05    4.56417E-03
    2.73137E+05    4.66626E-03
    2.77965E+05    4.74365E-03
    2.82779E+05    4.72053E-03
    2.92414E+05    4.78871E-03
    2.97232E+05    4.89450E-03
    3.02056E+05    4.89881E-03
    3.11685E+05    5.06099E-03
    3.16507E+05    4.91193E-03
    3.21333E+05    5.01849E-03
    3.30982E+05    5.13365E-03
    3.35800E+05    5.06667E-03
    3.40628E+05    5.08430E-03
    3.50276E+05    5.16538E-03
    3.55092E+05    5.23137E-03
    3.59921E+05    5.35375E-03
    3.69561E+05    5.31498E-03
    3.74387E+05    5.34886E-03
    3.79203E+05    5.47475E-03
    3.88827E+05    5.58888E-03
    3.93636E+05    5.60121E-03
    3.98455E+05    5.64310E-03
    4.08085E+05    5.72786E-03
    4.12897E+05    5.76524E-03
    4.17708E+05    5.76191E-03
    4.26358E+05    5.94157E-03
    4.31182E+05    6.00868E-03
    4.35997E+05    6.07384E-03
    4.45648E+05    6.06014E-03
    4.50475E+05    6.10064E-03
    4.55283E+05    6.06386E-03
    4.64923E+05    6.16560E-03
    4.69743E+05    6.13782E-03
    4.74561E+05    6.20610E-03
    4.84194E+05    6.19475E-03
    4.89008E+05    6.25090E-03
    4.93823E+05    6.41481E-03
    5.03461E+05    6.38567E-03
    5.08274E+05    6.45217E-03
    5.13017E+05    6.48151E-03
    5.22655E+05    6.54937E-03
    5.27465E+05    6.64872E-03
    5.32282E+05    6.57656E-03
    5.41117E+05    6.71833E-03
    5.45938E+05    6.72791E-03
    5.50758E+05    6.84111E-03
    5.60381E+05    6.86399E-03
    5.65197E+05    6.94473E-03
    5.70008E+05    6.92400E-03
    5.79643E+05    6.99770E-03
    5.84471E+05    7.04403E-03
    5.88080E+05    7.09290E-03
    5.97723E+05    7.12730E-03
    6.02550E+05    7.16951E-03
    6.07368E+05    7.20626E-03
    6.16790E+05    7.39679E-03
    6.21606E+05    7.46596E-03
    6.26433E+05    7.52359E-03
    6.36082E+05    7.58416E-03
    6.40898E+05    7.55525E-03
    6.45704E+05    7.64159E-03
    6.55345E+05    7.66465E-03
    6.60164E+05    7.73849E-03
    6.64981E+05    7.75607E-03
    6.74749E+05    7.86623E-03
    6.78524E+05    7.97540E-03
    6.82860E+05    8.00957E-03
    6.91293E+05    8.10076E-03
    6.96119E+05    8.09315E-03
    7.00935E+05    8.20171E-03
    7.10573E+05    8.22221E-03
    7.15388E+05    8.22982E-03
    7.20203E+05    8.27043E-03
    7.29851E+05    8.29913E-03
    7.34668E+05    8.33193E-03
    7.39483E+05    8.40845E-03
    7.49130E+05    8.52927E-03
    7.53958E+05    8.54000E-03
    7.57710E+05    8.58021E-03
    7.63705E+05    8.66953E-03
    7.68515E+05    8.88710E-03
    7.73336E+05    8.97528E-03
    7.82972E+05    8.98913E-03
    7.87785E+05    9.07848E-03
    7.92614E+05    9.03322E-03
    8.02247E+05    9.09369E-03
    8.07062E+05    9.11359E-03
    8.11873E+05    9.12744E-03
    8.21515E+05    9.21404E-03
    8.26332E+05    9.29128E-03
    8.31146E+05    9.41356E-03
    8.40781E+05    9.50052E-03
    8.45594E+05    9.49584E-03
    8.49199E+05    9.57774E-03
    8.58841E+05    9.69296E-03
    8.63653E+05    9.64558E-03
    8.68473E+05    9.71499E-03
    8.78094E+05    9.80505E-03
    8.82913E+05    9.81889E-03
    8.87731E+05    9.89413E-03
    8.97367E+05    1.00337E-02
    9.02180E+05    1.00095E-02
    9.06992E+05    1.00658E-02
    9.16621E+05    1.00816E-02
    9.21441E+05    1.01477E-02
    9.26252E+05    1.02523E-02
    9.35891E+05    1.02887E-02
    9.40719E+05    1.03468E-02
    9.45544E+05    1.04072E-02
    9.55175E+05    1.05921E-02
    9.59987E+05    1.06495E-02
    9.64800E+05    1.06620E-02
    9.74434E+05    1.07596E-02
    9.79247E+05    1.07761E-02
    9.84060E+05    1.08345E-02
    9.93686E+05    1.08776E-02
    9.98496E+05    1.09527E-02
    1.00331E+06    1.10639E-02
    1.01294E+06    1.11912E-02
    1.01776E+06    1.12173E-02
    1.02256E+06    1.12687E-02
    1.03219E+06    1.13417E-02
    1.03701E+06    1.13516E-02
    1.04182E+06    1.14045E-02
    1.05146E+06    1.15137E-02
    1.05627E+06    1.15721E-02
    1.06109E+06    1.16762E-02
    1.07072E+06    1.17474E-02
    1.07555E+06    1.18456E-02
    1.08036E+06    1.19233E-02
    1.08999E+06    1.19781E-02
    1.09480E+06    1.20625E-02
    1.09962E+06    1.20444E-02
    1.10795E+06    1.21670E-02
    1.11228E+06    1.22856E-02
    1.11711E+06    1.23355E-02
    1.12674E+06    1.24250E-02
    1.13277E+06    1.24242E-02
    1.13758E+06    1.25412E-02
    1.14721E+06    1.27673E-02
    1.15204E+06    1.27426E-02
    1.15687E+06    1.29037E-02
    1.16650E+06    1.28752E-02
    1.17133E+06    1.29420E-02
    1.17615E+06    1.30681E-02
    1.18579E+06    1.31501E-02
    1.19061E+06    1.32494E-02
    1.19543E+06    1.32855E-02
    1.20387E+06    1.34048E-02
    1.20868E+06    1.34106E-02
    1.21345E+06    1.34467E-02
    1.22188E+06    1.36700E-02
    1.22670E+06    1.37803E-02
    1.23152E+06    1.37671E-02
    1.24114E+06    1.39370E-02
    1.24596E+06    1.39454E-02
    1.25078E+06    1.40137E-02
    1.26039E+06    1.41144E-02
    1.26521E+06    1.42615E-02
    1.27003E+06    1.42532E-02
    1.27967E+06    1.44247E-02
    1.28328E+06    1.44269E-02
    1.28810E+06    1.45359E-02
    1.29776E+06    1.46742E-02
    1.30249E+06    1.47611E-02
    1.30731E+06    1.47945E-02
    1.31694E+06    1.50216E-02
    1.32176E+06    1.50898E-02
    1.32657E+06    1.50976E-02
    1.33621E+06    1.52651E-02
    1.34104E+06    1.53527E-02
    1.34586E+06    1.53861E-02
    1.35550E+06    1.55380E-02
    1.36032E+06    1.56080E-02
    1.36514E+06    1.57425E-02
    1.37372E+06    1.58022E-02
    1.37862E+06    1.59452E-02
    1.38343E+06    1.60552E-02
    1.39307E+06    1.60939E-02
    1.39789E+06    1.62127E-02
    1.40271E+06    1.63812E-02
    1.41237E+06    1.64762E-02
    1.41719E+06    1.65200E-02
    1.42200E+06    1.66308E-02
    1.43163E+06    1.68692E-02
    1.43645E+06    1.69143E-02
    1.44127E+06    1.69641E-02
    1.44970E+06    1.71561E-02
    1.45326E+06    1.72015E-02
    1.45808E+06    1.73076E-02
    1.46772E+06    1.74372E-02
    1.47253E+06    1.74679E-02
    1.47735E+06    1.75853E-02
    1.48699E+06    1.77569E-02
    1.49182E+06    1.78482E-02
    1.49664E+06    1.79539E-02
    1.50628E+06    1.81214E-02
    1.51110E+06    1.82936E-02
    1.51591E+06    1.84240E-02
    1.52555E+06    1.84911E-02
    1.53037E+06    1.86188E-02
    1.53518E+06    1.87612E-02
    1.54481E+06    1.88657E-02
    1.54842E+06    1.89839E-02
    1.55324E+06    1.91715E-02
    1.56289E+06    1.93041E-02
    1.56713E+06    1.93922E-02
    1.57195E+06    1.95652E-02
    1.58157E+06    1.96688E-02
    1.58640E+06    1.98688E-02
    1.59122E+06    1.99760E-02
    1.60086E+06    2.01181E-02
    1.60569E+06    2.02980E-02
    1.61050E+06    2.03607E-02
    1.62013E+06    2.05580E-02
    1.62495E+06    2.06886E-02
    1.62977E+06    2.07892E-02
    1.63942E+06    2.10385E-02
    1.64424E+06    2.10414E-02
    1.64702E+06    2.11393E-02
    1.65667E+06    2.14152E-02
    1.66148E+06    2.15241E-02
    1.66631E+06    2.15796E-02
    1.67595E+06    2.18005E-02
    1.68077E+06    2.19606E-02
    1.68558E+06    2.20497E-02
    1.69522E+06    2.23087E-02
    1.70005E+06    2.24190E-02
    1.70487E+06    2.24831E-02
    1.71451E+06    2.27581E-02
    1.71932E+06    2.28718E-02
    1.72415E+06    2.30457E-02
    1.73380E+06    2.32671E-02
    1.73861E+06    2.34398E-02
    1.74344E+06    2.35694E-02
    1.75307E+06    2.38679E-02
    1.75789E+06    2.39590E-02
    1.76271E+06    2.41210E-02
    1.77236E+06    2.43293E-02
    1.77717E+06    2.44653E-02
    1.78200E+06    2.46653E-02
    1.79163E+06    2.48736E-02
    1.79646E+06    2.51017E-02
    1.80128E+06    2.51965E-02
    1.81091E+06    2.55476E-02
    1.81574E+06    2.55577E-02
    1.82056E+06    2.57860E-02
    1.83019E+06    2.60147E-02
    1.83501E+06    2.62847E-02
    1.83982E+06    2.63545E-02
    1.84947E+06    2.67107E-02
    1.85428E+06    2.67279E-02
    1.85910E+06    2.69261E-02
    1.86875E+06    2.72338E-02
    1.87357E+06    2.74397E-02
    1.87838E+06    2.75126E-02
    1.88801E+06    2.78527E-02
    1.89282E+06    2.80906E-02
    1.89764E+06    2.82221E-02
    1.90728E+06    2.85495E-02
    1.91211E+06    2.87140E-02
    1.91692E+06    2.89737E-02
    1.92655E+06    2.92302E-02
    1.93137E+06    2.94790E-02
    1.93619E+06    2.95969E-02
    1.94582E+06    2.99159E-02
    1.95063E+06    3.01925E-02
    1.95545E+06    3.03781E-02
    1.96509E+06    3.07576E-02
    1.96991E+06    3.08934E-02
    1.97472E+06    3.10420E-02
    1.98435E+06    3.15167E-02
    1.98917E+06    3.16849E-02
    1.99398E+06    3.19675E-02
    2.00361E+06    3.22946E-02
    2.00842E+06    3.25822E-02
    2.01324E+06    3.27055E-02
    2.02286E+06    3.31106E-02
    2.02768E+06    3.33496E-02
    2.03249E+06    3.35678E-02
    2.04214E+06    3.40260E-02
    2.04696E+06    3.42056E-02
    2.05179E+06    3.44373E-02
    2.06145E+06    3.49395E-02
    2.06626E+06    3.51411E-02
    2.07010E+06    3.53836E-02
    2.07960E+06    3.58532E-02
    2.08441E+06    3.60568E-02
    2.08922E+06    3.63638E-02
    2.09404E+06    3.65769E-02
    2.09886E+06    3.68742E-02
    2.10368E+06    3.70400E-02
    2.10849E+06    3.73873E-02
    2.11330E+06    3.76503E-02
    2.11812E+06    3.78620E-02
    2.12294E+06    3.81252E-02
    2.12776E+06    3.85043E-02
    2.13257E+06    3.87008E-02
    2.13739E+06    3.89386E-02
    2.14220E+06    3.92553E-02
    2.14702E+06    3.96599E-02
    2.15183E+06    3.99028E-02
    2.15665E+06    4.02362E-02
    2.16147E+06    4.04892E-02
    2.16629E+06    4.08517E-02
    2.17111E+06    4.11551E-02
    2.17594E+06    4.15125E-02
    2.18076E+06    4.18938E-02
    2.18558E+06    4.22094E-02
    2.19040E+06    4.25198E-02
    2.19522E+06    4.28026E-02
    2.20004E+06    4.32299E-02
    2.20485E+06    4.36781E-02
    2.20966E+06    4.40387E-02
    2.21447E+06    4.44443E-02
    2.21929E+06    4.47461E-02
    2.22411E+06    4.50979E-02
    2.22894E+06    4.55268E-02
    2.23375E+06    4.59680E-02
    2.23857E+06    4.64847E-02
    2.24218E+06    4.67537E-02
    2.24699E+06    4.73196E-02
    2.25182E+06    4.77995E-02
    2.25663E+06    4.83063E-02
    2.26144E+06    4.88490E-02
    2.26265E+06    4.90731E-02
    2.26386E+06    4.92204E-02
    2.26506E+06    4.93751E-02
    2.26627E+06    4.95510E-02
    2.26747E+06    4.97696E-02
    2.26868E+06    4.98456E-02
    2.26988E+06    5.00868E-02
    2.27109E+06    5.02690E-02
    2.27229E+06    5.04065E-02
    2.27349E+06    5.05613E-02
    2.27470E+06    5.08513E-02
    2.27590E+06    5.09698E-02
    2.27710E+06    5.12445E-02
    2.27830E+06    5.14485E-02
    2.27950E+06    5.16794E-02
    2.28071E+06    5.20486E-02
    2.28191E+06    5.22177E-02
    2.28311E+06    5.26656E-02
    2.28432E+06    5.29345E-02
    2.28552E+06    5.32294E-02
    2.28672E+06    5.36429E-02
    2.28793E+06    5.42342E-02
    2.28913E+06    5.48215E-02
    2.29034E+06    5.60211E-02
