 nimonic 105; bg11; 150MPA; 1198K; BG;
 150.
 1198.
  3
393   
    0.00000E+00    0.00000E+00
    2.06000E+02    1.68816E-04
    4.08000E+02    4.11957E-04
    6.14000E+02    3.43900E-04
    6.95000E+02    3.57866E-04
    7.12000E+02    4.15891E-04
    1.03500E+03    4.85124E-04
    1.43900E+03    7.57289E-04
    1.85400E+03    7.91108E-04
    2.26300E+03    7.62401E-04
    2.67800E+03    8.61100E-04
    3.50200E+03    1.01700E-03
    4.33300E+03    1.19901E-03
    5.14700E+03    1.24028E-03
    5.96000E+03    1.30749E-03
    7.19500E+03    1.50791E-03
    7.60400E+03    1.59082E-03
    8.84800E+03    1.69533E-03
    1.00850E+04    1.77882E-03
    1.04910E+04    1.84265E-03
    1.17140E+04    1.93044E-03
    1.25290E+04    2.08264E-03
    1.33610E+04    2.18396E-03
    1.41790E+04    2.21537E-03
    1.53970E+04    2.32787E-03
    1.58050E+04    2.36811E-03
    1.70390E+04    2.50748E-03
    1.82780E+04    2.56793E-03
    1.86940E+04    2.60640E-03
    1.99260E+04    2.70865E-03
    2.07460E+04    2.79754E-03
    2.15570E+04    2.87838E-03
    2.23790E+04    2.92174E-03
    2.36120E+04    2.95921E-03
    2.40270E+04    3.01061E-03
    2.52560E+04    3.09340E-03
    2.64790E+04    3.27817E-03
    2.68850E+04    3.29249E-03
    2.81090E+04    3.33367E-03
    2.89230E+04    3.37701E-03
    2.97480E+04    3.44663E-03
    3.05690E+04    3.57683E-03
    3.17920E+04    3.77974E-03
    3.22010E+04    3.74877E-03
    3.34340E+04    3.75583E-03
    3.46650E+04    3.89912E-03
    3.50810E+04    3.91421E-03
    3.63070E+04    4.00692E-03
    3.71290E+04    4.18740E-03
    3.79490E+04    4.15997E-03
    3.87670E+04    4.19504E-03
    4.00100E+04    4.32495E-03
    4.04160E+04    4.41076E-03
    4.16550E+04    4.43897E-03
    4.28870E+04    4.50499E-03
    4.32960E+04    4.56826E-03
    4.45280E+04    4.65875E-03
    4.53600E+04    4.79153E-03
    4.61820E+04    4.84225E-03
    4.69960E+04    4.84734E-03
    4.82220E+04    4.92723E-03
    4.86280E+04    4.97462E-03
    4.98480E+04    5.10540E-03
    5.10710E+04    5.30899E-03
    5.14780E+04    5.35537E-03
    5.27110E+04    5.34128E-03
    5.35270E+04    5.38238E-03
    5.43520E+04    5.46888E-03
    5.51640E+04    5.54442E-03
    5.63920E+04    5.73226E-03
    5.68070E+04    5.70839E-03
    5.80340E+04    5.73148E-03
    5.92680E+04    5.92104E-03
    5.96680E+04    5.97796E-03
    6.09030E+04    6.04192E-03
    6.17210E+04    6.17941E-03
    6.25290E+04    6.16455E-03
    6.33510E+04    6.21696E-03
    6.43800E+04    6.32216E-03
    6.47880E+04    6.40800E-03
    6.59320E+04    6.44221E-03
    6.71630E+04    6.55834E-03
    6.75760E+04    6.56205E-03
    6.88100E+04    6.75908E-03
    6.96310E+04    6.87537E-03
    7.04530E+04    6.86560E-03
    7.12790E+04    6.86911E-03
    7.25090E+04    6.96506E-03
    7.29150E+04    7.01938E-03
    7.41440E+04    7.22277E-03
    7.53680E+04    7.26536E-03
    7.57810E+04    7.30150E-03
    7.70130E+04    7.38705E-03
    7.78260E+04    7.43569E-03
    7.86490E+04    7.58294E-03
    7.94710E+04    7.59271E-03
    8.07010E+04    7.67472E-03
    8.11100E+04    7.71143E-03
    8.23360E+04    7.87154E-03
    8.35550E+04    7.96017E-03
    8.39710E+04    7.97910E-03
    8.52030E+04    8.09895E-03
    8.60240E+04    8.18464E-03
    8.68460E+04    8.26446E-03
    8.76690E+04    8.38291E-03
    8.89110E+04    8.48398E-03
    8.93380E+04    8.50661E-03
    9.06270E+04    8.55753E-03
    9.18560E+04    8.82185E-03
    9.22650E+04    8.80215E-03
    9.35350E+04    8.88778E-03
    9.47500E+04    9.08474E-03
    9.57590E+04    9.24365E-03
    9.67720E+04    9.25944E-03
    9.82870E+04    9.46296E-03
    9.87950E+04    9.50993E-03
    1.00311E+05    9.65513E-03
    1.01829E+05    9.81102E-03
    1.02337E+05    9.87396E-03
    1.03857E+05    1.00540E-02
    1.04861E+05    1.01340E-02
    1.05871E+05    1.01833E-02
    1.06885E+05    1.03348E-02
    1.07896E+05    1.04548E-02
    1.08404E+05    1.04601E-02
    1.08913E+05    1.05878E-02
    1.10424E+05    1.07192E-02
    1.10933E+05    1.07768E-02
    1.11946E+05    1.08175E-02
    1.12451E+05    1.08952E-02
    1.13960E+05    1.10542E-02
    1.14468E+05    1.11268E-02
    1.14976E+05    1.12009E-02
    1.15987E+05    1.13052E-02
    1.17002E+05    1.14140E-02
    1.18011E+05    1.14968E-02
    1.18515E+05    1.15707E-02
    1.19024E+05    1.16645E-02
    1.20545E+05    1.17965E-02
    1.21051E+05    1.18599E-02
    1.22060E+05    1.20489E-02
    1.22563E+05    1.21253E-02
    1.24086E+05    1.21780E-02
    1.24594E+05    1.23345E-02
    1.25100E+05    1.24151E-02
    1.26110E+05    1.25409E-02
    1.27124E+05    1.26540E-02
    1.28136E+05    1.27583E-02
    1.28643E+05    1.27725E-02
    1.29150E+05    1.28560E-02
    1.30665E+05    1.29792E-02
    1.31174E+05    1.30873E-02
    1.32191E+05    1.33048E-02
    1.32695E+05    1.33000E-02
    1.34213E+05    1.35042E-02
    1.34716E+05    1.36058E-02
    1.35218E+05    1.37232E-02
    1.36221E+05    1.37044E-02
    1.37228E+05    1.39025E-02
    1.38235E+05    1.40729E-02
    1.38737E+05    1.40958E-02
    1.39245E+05    1.41070E-02
    1.40756E+05    1.44463E-02
    1.41262E+05    1.44779E-02
    1.42276E+05    1.45667E-02
    1.42778E+05    1.47085E-02
    1.44294E+05    1.48700E-02
    1.44799E+05    1.49202E-02
    1.45302E+05    1.50111E-02
    1.46321E+05    1.51943E-02
    1.47325E+05    1.52813E-02
    1.48339E+05    1.54578E-02
    1.48848E+05    1.55838E-02
    1.49356E+05    1.56320E-02
    1.50610E+05    1.57883E-02
    1.50875E+05    1.59276E-02
    1.51882E+05    1.59837E-02
    1.52384E+05    1.60802E-02
    1.53905E+05    1.63510E-02
    1.54411E+05    1.63659E-02
    1.54918E+05    1.64633E-02
    1.55925E+05    1.66207E-02
    1.56939E+05    1.67995E-02
    1.57956E+05    1.68987E-02
    1.58462E+05    1.69844E-02
    1.58968E+05    1.71436E-02
    1.60480E+05    1.72916E-02
    1.60989E+05    1.74921E-02
    1.61997E+05    1.75339E-02
    1.62505E+05    1.75990E-02
    1.64029E+05    1.79089E-02
    1.64532E+05    1.79665E-02
    1.65041E+05    1.80458E-02
    1.66051E+05    1.83611E-02
    1.67062E+05    1.84022E-02
    1.68079E+05    1.87279E-02
    1.68584E+05    1.86995E-02
    1.69093E+05    1.87714E-02
    1.70606E+05    1.90818E-02
    1.71113E+05    1.91284E-02
    1.72122E+05    1.94613E-02
    1.72624E+05    1.94401E-02
    1.74153E+05    1.98742E-02
    1.74661E+05    1.98698E-02
    1.75163E+05    1.99008E-02
    1.76174E+05    2.01649E-02
    1.77186E+05    2.03332E-02
    1.78196E+05    2.05719E-02
    1.78701E+05    2.07531E-02
    1.79203E+05    2.06964E-02
    1.80721E+05    2.10186E-02
    1.81236E+05    2.11122E-02
    1.82248E+05    2.13997E-02
    1.82753E+05    2.14538E-02
    1.84269E+05    2.17983E-02
    1.84771E+05    2.19453E-02
    1.85276E+05    2.21288E-02
    1.86291E+05    2.22456E-02
    1.87298E+05    2.25896E-02
    1.88309E+05    2.26991E-02
    1.88812E+05    2.28810E-02
    1.89321E+05    2.29693E-02
    1.90840E+05    2.33554E-02
    1.91349E+05    2.33567E-02
    1.92353E+05    2.36791E-02
    1.92858E+05    2.37632E-02
    1.94375E+05    2.41440E-02
    1.94883E+05    2.41939E-02
    1.95385E+05    2.43948E-02
    1.96396E+05    2.45763E-02
    1.97404E+05    2.48898E-02
    1.98419E+05    2.52331E-02
    1.98926E+05    2.52935E-02
    1.99435E+05    2.53628E-02
    2.00952E+05    2.57633E-02
    2.01457E+05    2.60085E-02
    2.02461E+05    2.62234E-02
    2.02966E+05    2.63024E-02
    2.04481E+05    2.67686E-02
    2.04985E+05    2.68620E-02
    2.05488E+05    2.70515E-02
    2.06493E+05    2.72989E-02
    2.07500E+05    2.76215E-02
    2.08511E+05    2.78871E-02
    2.09016E+05    2.80102E-02
    2.09519E+05    2.81152E-02
    2.11031E+05    2.85637E-02
    2.11539E+05    2.86966E-02
    2.12551E+05    2.90587E-02
    2.13056E+05    2.91036E-02
    2.13565E+05    2.92516E-02
    2.14579E+05    2.95355E-02
    2.15084E+05    2.97596E-02
    2.15599E+05    2.98864E-02
    2.16603E+05    3.01652E-02
    2.17102E+05    3.03591E-02
    2.17611E+05    3.05851E-02
    2.18627E+05    3.08843E-02
    2.19133E+05    3.09700E-02
    2.19641E+05    3.11274E-02
    2.20651E+05    3.14752E-02
    2.21159E+05    3.17109E-02
    2.21667E+05    3.18805E-02
    2.22675E+05    3.21149E-02
    2.23181E+05    3.23070E-02
    2.23687E+05    3.25093E-02
    2.24697E+05    3.28808E-02
    2.25206E+05    3.29435E-02
    2.25706E+05    3.31967E-02
    2.26712E+05    3.35611E-02
    2.27218E+05    3.37259E-02
    2.27723E+05    3.39079E-02
    2.28736E+05    3.42497E-02
    2.29244E+05    3.44560E-02
    2.29755E+05    3.45987E-02
    2.30758E+05    3.49319E-02
    2.31264E+05    3.52007E-02
    2.31771E+05    3.52832E-02
    2.32781E+05    3.56723E-02
    2.33288E+05    3.60144E-02
    2.33792E+05    3.60917E-02
    2.34808E+05    3.64554E-02
    2.35314E+05    3.67387E-02
    2.35818E+05    3.68491E-02
    2.36829E+05    3.72617E-02
    2.37333E+05    3.74836E-02
    2.37840E+05    3.76258E-02
    2.38861E+05    3.81140E-02
    2.39370E+05    3.82651E-02
    2.39872E+05    3.85744E-02
    2.40875E+05    3.89053E-02
    2.41379E+05    3.90803E-02
    2.41881E+05    3.92591E-02
    2.42884E+05    3.97144E-02
    2.43393E+05    4.00379E-02
    2.43898E+05    4.01481E-02
    2.44916E+05    4.06455E-02
    2.45416E+05    4.08671E-02
    2.45915E+05    4.11485E-02
    2.46921E+05    4.15701E-02
    2.47427E+05    4.17379E-02
    2.47928E+05    4.20082E-02
    2.48949E+05    4.23909E-02
    2.49451E+05    4.27369E-02
    2.49959E+05    4.28989E-02
    2.50973E+05    4.34575E-02
    2.51474E+05    4.35594E-02
    2.51983E+05    4.38472E-02
    2.52990E+05    4.43891E-02
    2.53498E+05    4.46447E-02
    2.54007E+05    4.48727E-02
    2.55008E+05    4.53059E-02
    2.55509E+05    4.55500E-02
    2.56015E+05    4.58506E-02
    2.57028E+05    4.63534E-02
    2.57530E+05    4.65901E-02
    2.58032E+05    4.68610E-02
    2.59050E+05    4.74741E-02
    2.59556E+05    4.77426E-02
    2.60062E+05    4.79767E-02
    2.61066E+05    4.85036E-02
    2.61565E+05    4.88027E-02
    2.62073E+05    4.91016E-02
    2.63080E+05    4.95683E-02
    2.63587E+05    4.99336E-02
    2.64096E+05    5.01988E-02
    2.64762E+05    5.05152E-02
    2.64906E+05    5.05517E-02
    2.65134E+05    5.08065E-02
    2.66147E+05    5.12902E-02
    2.66656E+05    5.16569E-02
    2.67165E+05    5.19354E-02
    2.68179E+05    5.24547E-02
    2.68686E+05    5.27255E-02
    2.69194E+05    5.30473E-02
    2.70195E+05    5.36279E-02
    2.70699E+05    5.39191E-02
    2.71206E+05    5.42237E-02
    2.72214E+05    5.49167E-02
    2.72721E+05    5.53068E-02
    2.73221E+05    5.55801E-02
    2.74232E+05    5.62263E-02
    2.74738E+05    5.65795E-02
    2.75240E+05    5.68628E-02
    2.76249E+05    5.75480E-02
    2.76755E+05    5.79386E-02
    2.77261E+05    5.83266E-02
    2.78267E+05    5.90370E-02
    2.78766E+05    5.93077E-02
    2.79268E+05    5.97444E-02
    2.80279E+05    6.04490E-02
    2.80788E+05    6.07963E-02
    2.81293E+05    6.12276E-02
    2.82304E+05    6.19801E-02
    2.82810E+05    6.23011E-02
    2.83315E+05    6.26538E-02
    2.84324E+05    6.34213E-02
    2.84823E+05    6.37946E-02
    2.85323E+05    6.41933E-02
    2.86337E+05    6.50339E-02
    2.86840E+05    6.54920E-02
    2.87343E+05    6.58506E-02
    2.88363E+05    6.66224E-02
    2.88870E+05    6.70402E-02
    2.89373E+05    6.74926E-02
    2.90379E+05    6.84781E-02
    2.90888E+05    6.88248E-02
    2.91390E+05    6.92191E-02
    2.92401E+05    7.02145E-02
    2.92901E+05    7.06636E-02
    2.93408E+05    7.10578E-02
    2.94417E+05    7.20600E-02
    2.94923E+05    7.25042E-02
    2.95430E+05    7.30367E-02
    2.96439E+05    7.40279E-02
    2.96948E+05    7.45584E-02
    2.97453E+05    7.50861E-02
    2.98467E+05    7.61833E-02
    2.98973E+05    7.67145E-02
    2.99472E+05    7.74642E-02
    2.99982E+05    7.79962E-02
    3.00486E+05    7.86320E-02
    3.00990E+05    7.91295E-02
    3.01493E+05    7.97234E-02
    3.02501E+05    8.10192E-02
    3.03008E+05    8.16947E-02
    3.04523E+05    8.37956E-02
    3.05031E+05    8.45000E-02
    3.06040E+05    8.59790E-02
    3.06549E+05    8.69292E-02
    3.08069E+05    8.99203E-02
    3.08572E+05    9.11544E-02
    3.09081E+05    9.30362E-02
